num crossings	time (s)	maj axis (mm)	min axis (mm)	theta (rad )	slope (V/s)
10201	68459.217007	55.122330	-0.318349	2.619999	10.155396
10207	68465.485718	55.163031	-0.344228	2.620391	10.520321
10209	68467.575158	54.758297	-0.187820	2.620895	10.207544
10213	68471.752957	54.159683	-0.623692	2.592926	10.565415
10215	68473.842389	56.321684	-0.379086	2.619503	10.413512
10223	68482.201248	55.107832	-0.334023	2.620238	10.412465
10227	68486.381970	55.116983	-0.295334	2.618370	10.251621
10229	68488.472146	55.234324	-0.298643	2.618239	10.362271
10235	68494.741886	54.466044	-0.639442	2.589268	10.152414
10237	68496.831212	55.233549	-0.321747	2.617726	10.233862
10239	68498.920640	56.613875	-1.094730	2.638003	10.006179
10241	68501.009881	54.280623	-0.566660	2.591282	10.384794
10243	68503.099216	55.248092	-0.334606	2.617448	10.319947
10245	68505.188019	55.260444	-0.322106	2.617491	10.364723
10247	68507.276830	55.237481	-0.314554	2.616939	10.429049
10249	68509.365476	55.261378	-0.315100	2.616299	10.222005
10251	68511.453990	56.233432	-0.369969	2.615043	10.176069
10253	68513.542578	53.445641	-0.649967	2.590250	10.230058
10255	68515.631002	56.141254	-0.352954	2.614474	10.190553
10257	68517.719480	54.204894	-0.667369	2.591090	10.042591
10259	68519.808341	56.081146	-0.343225	2.614188	10.407359
10261	68521.897373	54.372371	-0.716317	2.587989	9.994713
10265	68526.076223	54.130495	-0.699828	2.587159	10.588626
10267	68528.165495	56.144732	-0.367463	2.614180	10.610173
10271	68532.344082	55.762552	-0.565245	2.612280	10.326397
10275	68536.523168	55.700846	-0.628883	2.611650	9.926018
10277	68538.612099	55.168387	-0.334546	2.614938	10.163601
10279	68540.701446	54.720421	-0.231574	2.616610	10.577824
10281	68542.790939	54.730560	-0.223853	2.616188	10.326525
10283	68544.881078	55.159659	-0.349105	2.615214	10.314780
10287	68549.061015	55.071526	-0.302620	2.613138	10.467834
10289	68551.151152	54.444516	-0.241654	2.615029	10.317128
10293	68555.331667	55.656397	-0.597319	2.610277	9.950492
10295	68557.421425	55.650619	-0.600229	2.610342	10.403988
10297	68559.510605	55.134886	-0.421820	2.612356	10.380414
10301	68563.690325	55.465836	-0.640922	2.609302	9.859671
10303	68565.779348	55.154952	-0.341440	2.611678	10.136099
10305	68567.868732	56.234429	-0.413315	2.611583	10.074170
10307	68569.957833	54.295101	-0.651240	2.584604	10.440841
10309	68572.046730	56.289464	-0.399806	2.611470	10.333573
10311	68574.135580	54.169112	-0.666709	2.584558	10.328330
10315	68578.312702	55.715418	-0.572549	2.607756	10.090737
10317	68580.401545	55.135092	-0.390236	2.609896	10.354336
10319	68582.490230	54.658534	-0.383339	2.608103	10.288897
10321	68584.578894	55.183724	-0.374796	2.609833	10.049258
10329	68592.935948	54.315849	-0.705112	2.581959	10.606943
10331	68595.025279	54.750311	-0.288989	2.608750	10.650894
10333	68597.114665	56.213272	-0.398572	2.609209	10.375304
10339	68603.382457	54.333520	-0.670784	2.581344	10.456767
10341	68605.472239	54.761136	-0.216726	2.610802	10.412276
10343	68607.561624	55.191104	-0.347471	2.609015	10.590077
10347	68611.741199	55.581264	-0.575307	2.605799	10.472846
10351	68615.921313	55.749533	-0.556745	2.605292	10.443520
10355	68620.101210	55.101706	-0.384037	2.606888	10.585331
10357	68622.191122	54.717919	-0.266352	2.607201	10.408979
10359	68624.281161	55.168693	-0.342844	2.606204	10.257847
10361	68626.370529	55.169685	-0.352350	2.606222	10.246551
10363	68628.459886	55.143773	-0.328385	2.605666	10.297593
10365	68630.549487	54.662813	-0.279097	2.605772	10.078381
10367	68632.638314	54.679704	-0.249838	2.606320	10.407744
10369	68634.727697	56.216540	-0.399819	2.605336	10.195886
10371	68636.816567	55.748055	-0.592243	2.603444	10.600231
10373	68638.905232	54.303951	-0.621378	2.578643	10.171546
10375	68640.994047	55.145434	-0.353515	2.604705	10.513589
10379	68645.171561	54.112039	-0.693003	2.579560	10.315996
10381	68647.260405	55.178126	-0.332094	2.603788	10.298065
10383	68649.348962	54.676416	-0.340320	2.603462	10.464642
10385	68651.437961	56.029809	-0.361161	2.603076	10.578442
10387	68653.527148	54.260756	-0.695906	2.576207	10.136789
10391	68657.705910	55.084715	-0.384792	2.603560	10.555084
10393	68659.794822	54.638209	-0.279264	2.602718	10.547894
10395	68661.884548	55.188855	-0.333897	2.603658	9.979180
10399	68666.063377	55.618797	-0.589408	2.600730	10.892100
10401	68668.152573	55.676164	-0.577977	2.600897	10.561876
10403	68670.241646	55.656184	-0.593602	2.600458	10.594859
10405	68672.331383	54.419945	-0.611345	2.575848	10.391195
10407	68674.421319	54.820727	-0.191945	2.604577	10.891369
10409	68676.511138	55.121456	-0.370150	2.602682	10.059722
10413	68680.690905	54.189173	-0.634329	2.574361	10.344910
10417	68684.870600	55.721969	-0.563171	2.599020	10.382828
10419	68686.960377	55.090746	-0.310961	2.600156	10.329989
10421	68689.050207	56.072996	-0.376217	2.600281	10.373007
10423	68691.139787	55.073948	-0.351956	2.600093	10.205422
10425	68693.229097	56.104376	-0.391479	2.599945	10.453280
10427	68695.318592	54.201988	-0.660735	2.572671	10.338249
10431	68699.496870	55.709763	-0.579208	2.597901	10.593814
10433	68701.585906	54.111193	-0.595248	2.574776	10.274486
10435	68703.674924	56.140455	-0.383821	2.598793	10.515187
10437	68705.763602	55.064660	-0.313090	2.598444	10.126081
10439	68707.852406	54.605127	-0.294752	2.598951	10.161664
10443	68712.029743	55.067260	-0.346621	2.598296	10.465956
10447	68716.207947	55.070152	-0.403235	2.598508	10.474463
10453	68722.475610	55.129447	-0.359216	2.597760	10.731196
10455	68724.564902	56.121351	-0.362776	2.597142	10.712468
10459	68728.743775	55.811894	-0.569804	2.595092	10.539985
10461	68730.833313	55.270412	-0.367721	2.597947	10.416671
10463	68732.922573	56.293642	-0.384871	2.596777	10.874470
10465	68735.012539	55.299290	-0.317512	2.597301	10.624800
10467	68737.101955	55.353914	-0.330009	2.597729	10.581388
10469	68739.191931	56.388061	-0.386515	2.596162	10.554671
10471	68741.281654	55.326634	-0.310697	2.596634	10.485935
10477	68747.551478	56.079124	-0.557711	2.593848	10.308861
10479	68749.641462	54.633709	-0.581752	2.568874	10.205215
10483	68753.820805	56.195467	-0.543463	2.593905	10.674529
10485	68755.910639	56.173241	-0.565724	2.593471	10.888327
10487	68758.000256	53.837002	-0.647277	2.565315	10.963784
10491	68762.178604	55.428848	-0.323240	2.594113	10.754286
10493	68764.267805	56.375391	-0.378036	2.593052	10.406137
10495	68766.357089	55.393912	-0.383906	2.593902	10.296910
10497	68768.445739	54.859728	-0.286195	2.593448	10.519572
10499	68770.534784	56.478040	-0.366828	2.593161	10.360497
10501	68772.623487	55.366774	-0.326267	2.592995	10.081613
10505	68776.801432	54.508538	-0.613158	2.569235	10.231286
10509	68780.979265	56.016047	-0.535741	2.590557	10.742532
10511	68783.068302	55.980493	-0.534201	2.590418	10.738435
10513	68785.157660	55.360922	-0.313999	2.591966	10.500810
10517	68789.335796	55.891671	-0.582715	2.589247	10.723778
10529	68801.871967	55.955249	-0.563037	2.589015	10.756717
10531	68803.961827	55.340691	-0.303347	2.591003	10.691731
10539	68812.321403	54.553630	-0.663254	2.562826	10.608745
10541	68814.410960	56.543520	-0.396832	2.588632	10.433220
10543	68816.500428	55.974949	-0.591557	2.587039	10.457620
10545	68818.590554	55.398776	-0.341428	2.588864	10.511970
10547	68820.680010	55.095773	-0.228498	2.589221	10.495909
10551	68824.858686	55.402792	-0.413463	2.588899	10.634983
10553	68826.947965	55.489447	-0.351644	2.588324	10.646699
10555	68829.037311	54.942039	-0.241150	2.588352	10.269973
10557	68831.126383	56.516565	-0.378050	2.588002	10.842543
10559	68833.215666	54.633099	-0.636086	2.561156	10.666131
10561	68835.304201	55.006731	-0.298171	2.586557	10.660436
10563	68837.393443	55.488765	-0.337009	2.587411	10.343707
10565	68839.482294	56.442133	-0.377688	2.586413	10.739121
10569	68843.660209	55.440144	-0.329102	2.586532	10.769811
10571	68845.749323	55.490172	-0.365078	2.587010	10.484049
10573	68847.838480	56.452382	-0.369607	2.586090	10.694067
10577	68852.016702	55.465226	-0.365082	2.586541	10.607009
10579	68854.106736	56.431324	-0.363774	2.585634	10.627165
10581	68856.195849	54.817035	-0.598028	2.560554	10.887467
10583	68858.285200	55.564668	-0.356326	2.586500	10.651612
10585	68860.374712	55.545855	-0.336978	2.586146	10.643776
10587	68862.463740	56.534208	-0.386369	2.585161	10.916328
10589	68864.553444	54.775163	-0.662466	2.557474	10.627938
10591	68866.643069	56.441797	-0.388179	2.584591	10.564632
10595	68870.822538	54.554176	-0.641929	2.557583	10.687461
10601	68877.091638	53.766410	-0.606018	2.556340	10.679396
10603	68879.181498	56.526920	-0.384184	2.583481	10.600936
10605	68881.271092	56.006745	-0.596562	2.581582	10.356740
10607	68883.360940	55.395199	-0.407732	2.583267	10.903320
10609	68885.450082	55.419545	-0.359002	2.583151	10.425645
10611	68887.539705	54.968752	-0.250709	2.581962	10.786050
10613	68889.629177	55.075932	-0.235060	2.582807	10.653544
10615	68891.718606	56.547523	-0.394145	2.582598	10.465380
10619	68895.896786	55.369858	-0.346255	2.581819	10.746527
10621	68897.986051	55.393971	-0.330566	2.581708	10.574955
10623	68900.074478	56.417340	-0.382569	2.581215	10.059234
10625	68902.163620	55.364416	-0.336403	2.581128	10.339266
10627	68904.252782	54.722725	-0.279039	2.581337	10.557151
10631	68908.431612	54.567429	-0.620402	2.555129	10.733009
10633	68910.520456	54.951071	-0.257659	2.581041	10.709631
10635	68912.609617	55.387996	-0.341541	2.580728	10.478175
10637	68914.698598	54.936681	-0.278005	2.579253	10.476515
10639	68916.787990	55.357042	-0.335367	2.580319	10.664978
10641	68918.877307	55.369965	-0.330600	2.580343	10.365603
10645	68923.056266	54.644331	-0.634835	2.551993	10.524181
10647	68925.145356	55.345888	-0.351651	2.580423	10.562661
10649	68927.234908	55.389955	-0.336583	2.579847	10.965117
10651	68929.324849	54.885478	-0.230604	2.579887	10.693852
10653	68931.414557	55.381248	-0.347289	2.579557	10.962219
10655	68933.503864	54.941562	-0.219869	2.579455	10.624693
10661	68939.773530	55.952786	-0.561283	2.576442	10.789026
10663	68941.863061	54.645264	-0.622673	2.551516	10.099090
10665	68943.952440	55.360965	-0.355024	2.577475	10.454135
10667	68946.042337	54.898990	-0.244067	2.576891	10.474672
10669	68948.131840	55.387888	-0.321738	2.576894	10.530034
10673	68952.311090	56.005897	-0.603609	2.574873	10.489908
10675	68954.400333	56.070424	-0.579865	2.575040	10.374441
10677	68956.489476	56.178704	-0.571330	2.575228	10.257562
10679	68958.579078	54.568237	-0.592020	2.551006	10.712351
10683	68962.757316	54.712101	-0.642955	2.547742	10.350168
10685	68964.846187	54.913753	-0.292325	2.574511	10.969011
10687	68966.934830	54.960195	-0.277070	2.574999	10.177136
10689	68969.024014	55.015029	-0.302853	2.574850	10.395672
10693	68973.202350	56.110194	-0.546545	2.573250	10.626019
10697	68977.380461	56.051119	-0.587422	2.572531	10.411304
10699	68979.469927	55.445076	-0.349663	2.574277	10.712893
10701	68981.559351	54.927276	-0.308052	2.573914	10.910972
10705	68985.737954	55.438908	-0.355606	2.574084	10.202913
10707	68987.827480	55.468307	-0.350594	2.574382	10.673634
10709	68989.916673	54.830558	-0.252648	2.575208	10.517327
10711	68992.006030	56.370015	-0.394421	2.572946	10.549512
10713	68994.095890	55.341173	-0.344090	2.573212	10.700097
10717	68998.274758	55.316199	-0.319890	2.572682	10.231787
10719	69000.364692	56.467711	-0.394593	2.572476	10.606830
10721	69002.454005	55.313179	-0.358456	2.572152	10.578090
10727	69008.723404	54.649218	-0.563078	2.546157	10.521894
10729	69010.812787	54.906810	-0.253036	2.571398	10.207876
10733	69014.991923	56.079646	-0.585859	2.569650	10.474147
10735	69017.081461	54.420111	-0.618219	2.544302	10.369410
10737	69019.170796	56.419100	-0.391534	2.570621	10.324308
10741	69023.349261	55.315233	-0.378463	2.569749	10.742998
10743	69025.438532	55.323428	-0.349776	2.569816	10.369399
10749	69031.705766	55.278028	-0.355342	2.569223	10.662439
10753	69035.883815	56.090640	-0.560856	2.567372	10.537142
10755	69037.972985	55.286495	-0.338419	2.568307	10.444277
10757	69040.062397	54.830681	-0.325675	2.567116	10.546534
10759	69042.151293	54.775186	-0.308531	2.567302	10.295923
10761	69044.240585	56.419445	-0.399458	2.568126	10.058290
10763	69046.329865	54.466657	-0.672886	2.540958	11.126580
10767	69050.508607	55.962321	-0.562645	2.565825	10.495650
10769	69052.598183	56.050169	-0.562251	2.566112	10.780719
10771	69054.687358	55.979091	-0.591587	2.565602	10.712891
10773	69056.777026	56.073185	-0.574524	2.565724	10.780325
10775	69058.866780	54.547640	-0.598119	2.541607	10.930679
10777	69060.956221	55.392544	-0.360085	2.567259	10.908096
10779	69063.046266	55.364906	-0.346957	2.566687	10.445955
10781	69065.136023	56.487910	-0.399084	2.566644	10.443815
10783	69067.225304	56.092437	-0.570728	2.564899	10.348357
10785	69069.314876	55.320900	-0.373996	2.566174	10.587220
10787	69071.404673	54.869496	-0.244072	2.565611	10.394257
10789	69073.494330	54.989484	-0.225878	2.566160	10.764395
10793	69077.673619	55.375417	-0.330388	2.564771	10.537020
10795	69079.762836	55.449246	-0.367012	2.565010	10.461439
10797	69081.852521	54.918998	-0.268304	2.564789	10.625464
10801	69086.031118	56.017428	-0.592007	2.562678	10.964668
10803	69088.120402	56.162633	-0.589019	2.562930	10.572593
10805	69090.209576	55.369155	-0.366694	2.563946	10.846030
10809	69094.387690	54.508387	-0.653016	2.537369	10.834619
10811	69096.476769	56.571603	-0.386631	2.563965	10.881374
10813	69098.566092	55.937724	-0.604814	2.560905	10.441394
10817	69102.744226	55.930740	-0.594140	2.561063	10.277266
10819	69104.833510	55.970508	-0.581388	2.561230	10.661548
10823	69109.011812	54.646905	-0.679333	2.534801	10.325749
10825	69111.101036	55.350890	-0.356205	2.562526	10.816801
10829	69115.279516	54.447131	-0.647915	2.535856	10.737369
10831	69117.369046	55.281808	-0.339650	2.562816	10.467006
10833	69119.458521	54.829057	-0.263006	2.562075	10.566400
10835	69121.547874	54.819105	-0.248970	2.562330	10.725898
10839	69125.727166	55.217618	-0.394299	2.561400	10.657317
10843	69129.906360	55.926751	-0.590810	2.559495	10.544663
10845	69131.995903	54.492470	-0.660971	2.532068	10.691078
10847	69134.085520	55.332770	-0.348551	2.560444	10.632993
10849	69136.175430	55.339415	-0.337413	2.560344	10.773139
10851	69138.264893	54.746095	-0.256026	2.559620	10.447054
10853	69140.354497	56.444058	-0.407997	2.559736	10.445045
10855	69142.443946	55.245298	-0.377655	2.559829	10.496265
10857	69144.533382	56.500454	-0.404508	2.560029	10.165311
10859	69146.622803	55.249679	-0.414997	2.559352	10.470548
10861	69148.712028	55.291799	-0.352484	2.559293	10.681226
10863	69150.801544	54.567051	-0.231524	2.559087	10.910448
10865	69152.890968	55.329770	-0.344953	2.558598	10.357916
10867	69154.979905	56.475700	-0.385048	2.559361	10.562762
10869	69157.069164	54.619417	-0.630164	2.530847	10.410023
10871	69159.158496	56.418040	-0.398839	2.558168	10.533418
10873	69161.247508	54.624532	-0.654814	2.530251	10.650687
10877	69165.425802	55.281904	-0.414402	2.557589	10.808751
10879	69167.514871	55.308588	-0.387290	2.557832	10.753711
10881	69169.604327	55.339336	-0.367983	2.558080	10.802829
10883	69171.693331	55.340448	-0.370293	2.557518	10.737143
10885	69173.782979	56.449129	-0.406423	2.557681	10.551068
10887	69175.871878	55.260526	-0.350016	2.556810	10.264127
10895	69184.229760	56.040076	-0.574985	2.554815	10.543787
10897	69186.319379	54.683703	-0.697553	2.526670	10.446728
10899	69188.408885	56.318996	-0.402298	2.555313	10.611110
10901	69190.498277	54.600126	-0.685889	2.526690	10.689452
10903	69192.588042	56.493240	-0.403337	2.555842	10.438201
10909	69198.856546	54.573495	-0.671935	2.526445	10.768832
10911	69200.946425	55.365980	-0.375671	2.554829	10.164399
10913	69203.035696	54.875245	-0.233792	2.555137	10.776749
10915	69205.125684	54.813912	-0.269819	2.553420	10.065778
10919	69209.303752	54.510986	-0.641269	2.525725	10.268185
10921	69211.393586	54.942676	-0.220268	2.554129	10.725933
10927	69217.660667	54.690087	-0.653862	2.524204	10.622435
10929	69219.750483	55.377939	-0.382483	2.552808	10.882194
10931	69221.839425	54.782164	-0.274633	2.551888	10.622143
10933	69223.928382	54.640020	-0.283250	2.551593	10.657551
10935	69226.017958	54.892031	-0.283269	2.551213	10.615929
10939	69230.196103	55.312005	-0.371859	2.551678	10.280949
10941	69232.285201	54.830743	-0.249034	2.551643	10.340974
10945	69236.464006	55.732557	-0.622085	2.549412	10.794296
10947	69238.553009	55.861812	-0.635966	2.549272	10.641582
10949	69240.642306	55.224804	-0.382792	2.550784	10.437935
10951	69242.731535	56.422904	-0.406588	2.551657	10.805087
10953	69244.820851	55.862745	-0.636186	2.549123	10.657262
10955	69246.910200	53.831998	-0.654640	2.520096	10.408598
10959	69251.089215	55.964776	-0.609222	2.549251	10.419227
10961	69253.178803	54.455124	-0.649241	2.522526	10.819684
10963	69255.268310	55.289588	-0.371439	2.550092	10.565460
10965	69257.358329	54.801995	-0.261402	2.548966	10.859414
10967	69259.447597	54.843287	-0.249224	2.549957	10.903921
10969	69261.537181	56.371146	-0.412982	2.549205	10.600929
10971	69263.626860	55.294290	-0.402430	2.548965	10.719760
10975	69267.805979	55.944859	-0.648572	2.546269	10.660811
10977	69269.895615	55.978567	-0.622518	2.546622	10.524584
10979	69271.985031	53.780964	-0.666015	2.520626	10.549836
10983	69276.163912	54.566976	-0.611979	2.521078	10.550377
10985	69278.253093	54.892746	-0.262377	2.547523	10.592265
10989	69282.431883	55.963409	-0.653576	2.545595	10.503584
10993	69286.609800	54.548542	-0.679779	2.518853	10.504695
10995	69288.698952	55.311064	-0.370809	2.546810	10.584457
10997	69290.788436	54.840479	-0.311522	2.545057	10.475460
11003	69297.056384	54.478584	-0.694713	2.517903	10.626135
11005	69299.145613	54.608777	-0.288163	2.545022	10.888723
11009	69303.324392	55.862321	-0.655977	2.542990	10.945977
11011	69305.413508	54.728640	-0.616465	2.517981	10.935989
11013	69307.503256	54.952107	-0.275028	2.544948	10.628127
11015	69309.592609	56.445406	-0.414622	2.545587	10.609035
11019	69313.771532	55.994723	-0.641122	2.543168	10.917070
11025	69320.039674	54.429018	-0.664670	2.516110	10.646522
11027	69322.129290	55.265865	-0.393373	2.543832	10.535309
11031	69326.307919	55.227853	-0.415774	2.543115	10.574619
11033	69328.397484	56.439617	-0.441453	2.543648	10.498299
11039	69334.666142	54.519731	-0.665954	2.513751	10.386662
11041	69336.755571	54.769725	-0.285036	2.541489	10.306377
11045	69340.934337	55.267462	-0.460410	2.542011	10.654248
11047	69343.024024	55.270893	-0.392189	2.541455	10.440946
11049	69345.113012	56.468692	-0.436122	2.541541	10.531472
11051	69347.202395	55.837391	-0.652386	2.539246	9.986865
11053	69349.291768	54.424757	-0.704470	2.513798	10.366477
11057	69353.470091	55.938356	-0.615475	2.539166	10.347160
11061	69357.648309	54.517259	-0.726076	2.512000	10.743782
11063	69359.737743	54.563184	-0.291612	2.540462	10.709892
11065	69361.826733	55.214694	-0.395570	2.540398	10.590677
11069	69366.005078	55.152437	-0.408610	2.539542	10.610499
11071	69368.094466	54.795506	-0.285647	2.539086	10.647129
11073	69370.184005	55.177735	-0.373639	2.539220	10.718681
11075	69372.273205	54.702643	-0.283782	2.539137	10.696920
11077	69374.362580	54.470089	-0.270924	2.539945	10.739452
11079	69376.452299	54.785927	-0.279334	2.538220	10.568174
11081	69378.541714	55.213572	-0.374396	2.538962	10.607882
11085	69382.720929	54.677470	-0.651698	2.510531	10.453863
11087	69384.810199	56.464119	-0.425736	2.538722	10.592810
11089	69386.899630	54.418717	-0.719767	2.509167	10.789363
11093	69391.079009	55.249469	-0.451536	2.537623	10.705464
11097	69395.257825	54.473161	-0.692425	2.507971	10.685485
11099	69397.347451	54.864366	-0.256361	2.536550	10.629834
11101	69399.436988	56.534188	-0.418814	2.538147	10.706196
11105	69403.615829	56.067362	-0.641296	2.535278	10.345108
11107	69405.705146	54.465385	-0.670214	2.507264	10.660162
11109	69407.794555	54.864391	-0.256012	2.534669	10.718917
11111	69409.883894	56.501804	-0.424658	2.537135	10.457315
11115	69414.062583	56.077549	-0.603896	2.534833	10.605872
11117	69416.151597	55.238764	-0.398882	2.534836	10.798425
11119	69418.241031	54.737789	-0.313130	2.533407	10.472527
11123	69422.419314	55.288532	-0.421722	2.534449	10.807116
11127	69426.597972	55.258054	-0.398027	2.533988	10.135722
11129	69428.687219	56.305562	-0.426245	2.534136	10.538109
11131	69430.776604	54.598064	-0.674687	2.507474	10.601034
11133	69432.866033	55.309345	-0.413535	2.533803	10.558502
11135	69434.955028	54.775821	-0.284046	2.533266	10.674792
11137	69437.044312	54.716150	-0.285728	2.532432	10.504054
11139	69439.133687	54.654993	-0.302701	2.532815	10.640081
11141	69441.223135	56.502440	-0.452428	2.533472	10.318193
11145	69445.401871	54.444018	-0.680112	2.503689	10.950234
11147	69447.491131	55.192706	-0.390628	2.532351	10.295517
11149	69449.580512	55.185505	-0.423044	2.532089	10.805281
11151	69451.670427	55.191359	-0.417529	2.531927	10.724498
11153	69453.759991	54.717520	-0.252352	2.531557	10.678785
11159	69460.028728	55.983865	-0.644968	2.530075	10.487715
11161	69462.118311	55.164954	-0.420927	2.530295	10.602107
11163	69464.207805	54.736410	-0.270497	2.530523	10.717069
11165	69466.297044	55.253538	-0.388624	2.530397	10.307482
11167	69468.386754	56.363570	-0.435818	2.531271	10.813412
11169	69470.476045	55.196007	-0.474821	2.529879	10.426764
11171	69472.565465	54.696565	-0.294476	2.529102	10.620197
11173	69474.654895	55.219810	-0.410560	2.529234	10.372424
11175	69476.743864	54.679681	-0.330628	2.528448	10.521990
11179	69480.922351	55.181783	-0.450132	2.528752	10.221642
11181	69483.011495	56.449253	-0.445924	2.530014	10.784359
11183	69485.100723	55.141238	-0.408956	2.528112	10.850083
11185	69487.190502	55.197407	-0.377357	2.529204	10.482276
11187	69489.279717	56.296642	-0.440802	2.528650	10.844727
11189	69491.368831	54.495971	-0.648307	2.500628	10.092833
11193	69495.547393	54.441602	-0.691211	2.498651	10.434027
11195	69497.636706	54.789578	-0.311417	2.527039	10.856911
11197	69499.726283	54.619107	-0.302018	2.526645	10.455220
11199	69501.815648	55.233415	-0.402700	2.527204	10.760536
11201	69503.904936	54.818442	-0.289150	2.525552	10.704903
11203	69505.994532	54.863383	-0.251956	2.527066	10.300439
11211	69514.352906	55.895987	-0.677757	2.524445	10.631637
11215	69518.532080	55.231746	-0.451455	2.525371	10.373818
11217	69520.621647	55.251644	-0.408691	2.525061	10.007822
11219	69522.710706	55.230714	-0.416782	2.525364	10.758108
11221	69524.800382	54.557280	-0.228802	2.526045	10.831309
11223	69526.889726	56.410670	-0.447405	2.526267	10.861400
11229	69533.158339	55.996056	-0.653864	2.523322	10.738705
11233	69537.336612	55.195748	-0.462485	2.523534	10.813462
11235	69539.426135	56.478929	-0.451876	2.525019	10.661860
11239	69543.604493	54.426864	-0.745731	2.493400	10.416135
11241	69545.693964	56.506204	-0.464169	2.523697	10.540727
11243	69547.783038	55.145641	-0.474266	2.522609	10.735833
11245	69549.872449	54.681345	-0.303764	2.522009	10.439766
11247	69551.961526	55.172291	-0.419251	2.522134	10.197897
11249	69554.050975	55.200473	-0.413820	2.521958	10.699834
11251	69556.140083	56.426983	-0.454669	2.523399	10.599505
11255	69560.318633	55.113497	-0.439796	2.521094	10.539701
11259	69564.497129	54.354808	-0.730968	2.491893	10.768330
11261	69566.586536	55.129744	-0.456877	2.521203	10.646115
11265	69570.765272	54.435223	-0.677572	2.491651	10.704381
11267	69572.854398	56.471548	-0.460036	2.522027	10.572042
11269	69574.944054	55.916137	-0.645562	2.519899	10.796362
11271	69577.033397	55.082986	-0.459285	2.520308	10.123849
11273	69579.122941	56.466786	-0.467993	2.521076	10.944617
11275	69581.212566	54.476559	-0.686907	2.490329	10.251170
11277	69583.302155	55.189475	-0.413952	2.519673	10.809758
11279	69585.391923	54.761705	-0.277480	2.519601	10.814874
11281	69587.481496	54.609221	-0.328217	2.518075	10.379079
11283	69589.570646	54.678301	-0.318978	2.517733	10.202012
11287	69593.749577	55.882248	-0.672941	2.517981	10.736882
11289	69595.838839	54.495214	-0.750224	2.487456	10.120262
11291	69597.928504	54.646223	-0.335578	2.517221	10.768592
11295	69602.107306	54.372657	-0.687003	2.489922	10.085903
11297	69604.196431	54.792969	-0.286074	2.517306	10.797275
11299	69606.285922	54.683764	-0.353483	2.515628	10.365631
11301	69608.374824	54.645138	-0.332410	2.515860	10.247365
11303	69610.464142	55.152593	-0.434634	2.516858	10.450382
11307	69614.642762	55.133388	-0.535634	2.516796	10.623878
11311	69618.821332	54.407505	-0.739176	2.486780	10.858421
11313	69620.910518	55.157508	-0.439612	2.516155	10.696338
11315	69622.999846	54.756898	-0.300413	2.515446	10.689568
11317	69625.089281	54.531312	-0.305077	2.515775	10.820647
11319	69627.178543	55.185854	-0.460836	2.515256	10.488172
11321	69629.267832	54.460307	-0.303477	2.515311	10.784600
11323	69631.357090	54.774878	-0.327290	2.513863	10.845923
11325	69633.446703	54.732644	-0.340237	2.513369	10.370223
11327	69635.536117	55.215787	-0.466872	2.514943	10.307216
11329	69637.625358	55.190530	-0.436167	2.514403	10.418234
11331	69639.715183	55.211352	-0.425474	2.514412	10.513720
11333	69641.804197	55.173117	-0.437868	2.514166	10.456531
11335	69643.893676	55.197187	-0.441408	2.514049	10.570620
11339	69648.072592	55.088278	-0.461050	2.512955	10.375414
11341	69650.162310	56.619399	-0.495183	2.515298	10.456604
11345	69654.341277	54.440764	-0.714721	2.483452	10.774252
11347	69656.430539	56.393092	-0.493500	2.514156	10.773991
11349	69658.520004	55.100683	-0.454170	2.511773	10.590953
11355	69664.788549	55.886820	-0.725137	2.510953	10.604239
11357	69666.877803	55.828378	-0.722633	2.510558	10.075732
11359	69668.967099	55.070852	-0.471906	2.510746	10.527467
11361	69671.056337	55.152801	-0.443589	2.511121	10.719357
11363	69673.145854	56.260385	-0.484763	2.512384	10.408197
11365	69675.234742	54.455795	-0.744316	2.480918	10.595875
11369	69679.413537	54.488592	-0.747160	2.481051	10.719261
11371	69681.502837	56.366966	-0.488790	2.511896	10.399430
11373	69683.592231	55.059348	-0.429656	2.509215	10.369429
11375	69685.681324	56.262836	-0.488814	2.511154	10.748794
11377	69687.770642	55.045290	-0.501417	2.509369	10.368654
11379	69689.859697	55.088595	-0.447527	2.509387	10.779150
11383	69694.038261	54.463179	-0.762051	2.478103	10.616070
11385	69696.128060	56.252132	-0.497203	2.510253	10.676695
11387	69698.217261	55.025267	-0.471461	2.508233	10.415914
11389	69700.306606	56.397528	-0.497120	2.510529	10.475950
11391	69702.395969	55.040695	-0.440042	2.507619	10.862833
11393	69704.485803	55.080869	-0.488317	2.507893	10.116746
11395	69706.575253	55.115951	-0.486168	2.507824	10.453842
11401	69712.843402	55.945993	-0.690803	2.506923	10.461474
11403	69714.933006	55.058184	-0.472859	2.506443	10.595314
11407	69719.111915	55.989842	-0.683304	2.506678	10.548275
11409	69721.201338	54.332443	-0.740062	2.477404	10.829116
11413	69725.380399	54.491955	-0.754268	2.474940	10.692044
11415	69727.469630	54.611661	-0.316932	2.504788	10.425802
11417	69729.559163	54.464727	-0.298690	2.505373	10.648201
11419	69731.648427	56.426508	-0.503459	2.507419	10.869804
11421	69733.737799	54.456568	-0.696122	2.476655	10.705112
11423	69735.826985	54.651452	-0.321512	2.504152	10.546672
11425	69737.916440	54.755950	-0.285647	2.503932	10.910979
11429	69742.094867	54.584073	-0.654687	2.475038	10.552313
11433	69746.273561	54.536083	-0.665696	2.475984	10.586380
11435	69748.362981	56.465564	-0.495135	2.505985	10.581562
11437	69750.452172	53.499488	-0.686048	2.473763	10.909662
11441	69754.630869	55.848474	-0.726087	2.502493	10.649245
11447	69760.898875	54.346148	-0.740344	2.473838	10.487371
11449	69762.988496	54.586762	-0.349702	2.500811	10.889311
11457	69771.345765	55.077871	-0.518693	2.501860	10.865511
11459	69773.435591	54.587675	-0.303258	2.501419	10.747311
11461	69775.524774	55.026991	-0.431852	2.501153	10.716372
11469	69783.882543	55.104746	-0.477999	2.500442	10.897851
11473	69788.061364	55.068626	-0.476756	2.499832	10.199711
11475	69790.150953	54.667650	-0.326360	2.499231	10.875501
11477	69792.240351	54.553339	-0.327266	2.498412	10.495863
11479	69794.329579	56.246620	-0.493805	2.501056	10.716417
11481	69796.418948	55.022819	-0.456035	2.498799	10.697957
11483	69798.508174	56.230098	-0.503366	2.500516	10.371207
11485	69800.597669	54.485553	-0.684127	2.470983	10.589074
11487	69802.687062	56.364213	-0.485008	2.500929	10.740397
11489	69804.776473	55.822419	-0.700648	2.497793	10.796161
11491	69806.865756	54.331812	-0.754344	2.468263	9.986518
11493	69808.954769	55.096615	-0.456371	2.498177	10.881122
11495	69811.043993	54.605380	-0.328376	2.497694	10.695875
11497	69813.133211	55.097761	-0.473724	2.497843	10.663682
11499	69815.222586	56.212247	-0.499336	2.498845	10.457005
11501	69817.312069	54.309456	-0.699301	2.469151	10.657382
11503	69819.401398	55.084383	-0.456089	2.497579	10.747866
11505	69821.490506	56.210231	-0.494008	2.498649	10.173755
11509	69825.669163	53.656152	-0.734002	2.465175	10.738477
11511	69827.758846	55.066311	-0.471656	2.496427	10.392967
11513	69829.848184	56.359623	-0.497800	2.498463	11.006161
11515	69831.937782	56.047977	-0.677823	2.496738	10.621712
11517	69834.027096	55.060620	-0.473985	2.495221	10.886162
11519	69836.116850	55.105912	-0.451264	2.495783	10.608592
11523	69840.295430	55.072367	-0.515865	2.495377	10.442680
11525	69842.384824	54.612037	-0.292879	2.494938	10.443933
11527	69844.474476	55.100420	-0.461548	2.495062	10.310871
11529	69846.564208	54.618005	-0.314460	2.493491	10.855335
11531	69848.653466	54.526385	-0.349803	2.492925	10.753731
11535	69852.832205	55.056991	-0.466598	2.493616	10.231731
11539	69857.010965	55.910776	-0.715650	2.494303	10.740475
11541	69859.100261	54.953382	-0.428557	2.492396	10.582985
11543	69861.189587	56.465462	-0.504111	2.496565	10.479549
11545	69863.278953	55.953664	-0.697145	2.494116	10.747139
11547	69865.368498	54.408602	-0.695690	2.463265	10.952479
11549	69867.457860	55.061454	-0.487097	2.492462	10.380088
11551	69869.546655	56.350166	-0.513259	2.494944	10.291743
11555	69873.725401	55.034045	-0.474066	2.491738	10.074397
11557	69875.814964	56.322518	-0.482526	2.494505	10.544357
11559	69877.904456	55.002831	-0.431541	2.491058	10.447167
11561	69879.993452	54.560469	-0.317195	2.491060	10.686887
11563	69882.082661	55.011825	-0.474825	2.491462	10.438088
11565	69884.172063	54.568194	-0.309518	2.489865	10.708005
11567	69886.261468	54.560157	-0.320076	2.489626	10.851333
11571	69890.439969	54.361981	-0.725113	2.460833	10.812959
11573	69892.529468	54.529217	-0.301157	2.490108	10.571399
11575	69894.618627	54.633363	-0.310199	2.488896	10.499253
11577	69896.708252	54.988292	-0.446760	2.490289	10.271983
11579	69898.797607	55.012718	-0.496663	2.490157	10.381678
11587	69907.155412	54.941355	-0.525825	2.489111	10.849148
11591	69911.334530	54.989273	-0.475635	2.488304	10.769368
11593	69913.423836	55.071952	-0.453964	2.488662	10.953798
11599	69919.692194	54.326330	-0.760021	2.456809	10.569509
11601	69921.781430	56.351914	-0.502719	2.490316	10.614787
11603	69923.871041	54.332059	-0.788274	2.455089	10.617839
11605	69925.960226	54.537084	-0.353499	2.485834	10.602524
11607	69928.049563	54.508617	-0.325480	2.485662	10.744375
11611	69932.228026	54.414166	-0.754292	2.455503	10.612206
11613	69934.317422	54.591571	-0.314146	2.485037	10.673320
11615	69936.406760	54.587691	-0.278638	2.486585	10.765286
11617	69938.496057	55.014206	-0.482931	2.486260	10.806535
11619	69940.585493	54.519228	-0.307677	2.485840	10.887620
11621	69942.674600	54.329335	-0.295194	2.486198	10.477689
11623	69944.763944	54.552792	-0.307926	2.484049	10.609490
11629	69951.032094	56.020033	-0.697497	2.486425	10.663807
11631	69953.121681	55.928014	-0.732851	2.485296	10.760628
11633	69955.211041	55.888886	-0.713426	2.484864	10.685900
11639	69961.479261	55.765001	-0.747216	2.483738	9.924562
11643	69965.657908	54.978053	-0.517885	2.483839	10.644437
11647	69969.836724	55.921101	-0.715152	2.483446	10.138156
11649	69971.926430	54.996279	-0.532670	2.482722	10.705135
11651	69974.015685	54.377928	-0.307160	2.482413	10.718910
11653	69976.104915	54.642596	-0.273033	2.483105	10.430454
11655	69978.194257	54.471105	-0.298909	2.483395	10.522572
11657	69980.284169	54.499129	-0.324862	2.480389	10.511911
11661	69984.462786	54.972485	-0.560769	2.482287	10.329677
11663	69986.552285	56.395005	-0.509866	2.485222	10.345083
11665	69988.641592	54.423630	-0.684133	2.451205	10.669769
11667	69990.731045	54.513944	-0.296124	2.480834	10.204588
11669	69992.820229	55.060998	-0.461469	2.481722	10.911976
11671	69994.909667	55.113094	-0.466637	2.481345	10.569243
11675	69999.088342	54.404119	-0.737541	2.450631	10.534895
11677	70001.177585	56.314838	-0.505028	2.483465	10.451266
11679	70003.266841	55.833471	-0.732112	2.480594	10.519689
11681	70005.356110	55.897505	-0.712859	2.480588	10.566335
11683	70007.445259	54.931461	-0.513496	2.479467	10.360256
11685	70009.534319	55.048891	-0.475395	2.479754	10.406451
11687	70011.623578	56.355150	-0.519634	2.482841	10.681749
11689	70013.713152	54.261907	-0.730475	2.450589	10.113587
11691	70015.802295	55.008814	-0.481195	2.479337	10.734947
11693	70017.891792	54.543908	-0.299661	2.478621	10.716230
11697	70022.070527	54.934895	-0.513357	2.478252	10.512646
11699	70024.160114	54.491794	-0.321671	2.477645	10.596239
11701	70026.249390	56.299405	-0.518150	2.481762	10.851657
11703	70028.338791	55.748032	-0.743099	2.477977	10.724532
11707	70032.517748	54.391683	-0.707052	2.447987	10.710316
11711	70036.696925	54.974181	-0.540385	2.476942	10.515702
11713	70038.786162	56.310882	-0.512823	2.480129	10.891452
11719	70045.054453	55.007110	-0.535648	2.476459	10.482722
11721	70047.143981	56.460691	-0.526650	2.480281	10.580629
11723	70049.233480	54.377420	-0.779823	2.444692	10.525146
11733	70059.679791	54.992848	-0.487688	2.475335	10.743805
11735	70061.769472	56.235009	-0.523225	2.477678	10.782397
11739	70065.948071	55.846597	-0.750436	2.474820	10.490405
11741	70068.037293	55.841000	-0.773980	2.474906	10.902994
11743	70070.126630	54.302558	-0.754865	2.443985	10.599672
11747	70074.305180	55.876105	-0.740076	2.474369	10.637124
11749	70076.395119	56.017682	-0.727604	2.474918	10.609996
11753	70080.573538	55.998995	-0.747792	2.474418	10.751381
11755	70082.663179	55.004917	-0.559487	2.473081	10.271317
11757	70084.752170	54.545572	-0.328905	2.472013	10.684085
11761	70088.931321	55.992189	-0.712524	2.473730	10.699669
11763	70091.020930	54.306797	-0.773515	2.442000	10.584335
11769	70097.289079	54.970510	-0.474850	2.470894	10.557401
11771	70099.378404	55.026691	-0.506887	2.471635	10.823025
11773	70101.467889	54.421245	-0.381278	2.468850	10.661235
11775	70103.557115	56.376678	-0.528902	2.474359	10.835412
11777	70105.646856	54.927017	-0.552206	2.470622	10.899421
11779	70107.736040	56.360007	-0.530301	2.474336	10.481453
11781	70109.825357	54.331476	-0.753002	2.439828	10.768115
11785	70114.004224	55.954614	-0.747946	2.471435	10.636255
11789	70118.182954	55.832871	-0.769308	2.470191	10.833590
11791	70120.272394	54.947080	-0.512934	2.468833	10.699063
11795	70124.451081	54.365758	-0.704494	2.438254	10.510379
11797	70126.540588	56.222407	-0.507436	2.471862	10.493397
11799	70128.629518	54.949684	-0.467934	2.468155	10.886524
11801	70130.719429	56.241049	-0.511381	2.471703	10.474294
11803	70132.808461	55.918288	-0.719392	2.469641	10.778663
11805	70134.898128	54.982954	-0.557925	2.467981	10.093580
11807	70136.986915	56.218857	-0.519164	2.470986	10.542071
11813	70143.255048	54.472207	-0.752502	2.435145	10.699186
11815	70145.344369	56.364581	-0.523597	2.471031	10.495833
11817	70147.433764	54.407014	-0.695143	2.437223	10.464948
11819	70149.523320	54.570572	-0.296379	2.465380	10.123954
11823	70153.702003	54.951988	-0.616160	2.466267	10.316457
11827	70157.880912	54.447618	-0.704613	2.435008	10.671134
11829	70159.970453	54.596046	-0.301818	2.465195	10.860162
11831	70162.059476	54.418678	-0.348334	2.463582	10.629263
11833	70164.148389	55.016383	-0.511453	2.465239	10.391912
11835	70166.237905	56.277436	-0.517078	2.468390	10.774083
11837	70168.327482	54.977310	-0.483479	2.464356	10.545281
11839	70170.416467	54.613512	-0.306031	2.463277	10.719475
11841	70172.505910	54.385424	-0.377058	2.461671	10.830726
11843	70174.595229	55.007136	-0.514090	2.464269	10.557877
11849	70180.863421	54.929299	-0.560060	2.463431	10.011542
11851	70182.952825	56.534960	-0.539976	2.467591	10.671932
11853	70185.042395	54.312283	-0.763121	2.431378	10.653732
11857	70189.220697	55.700208	-0.776691	2.463016	10.735956
11863	70195.488913	54.395758	-0.301997	2.460784	10.772823
11865	70197.578631	54.988801	-0.496827	2.461912	10.383473
11875	70208.025354	55.006014	-0.503764	2.460655	10.646498
11879	70212.203833	55.953000	-0.735658	2.462227	10.793003
11881	70214.293199	54.975021	-0.545478	2.460352	10.469686
11885	70218.472179	54.929513	-0.573627	2.460316	10.488648
11887	70220.561437	56.255705	-0.530148	2.463539	10.529681
11891	70224.740222	56.160321	-0.529800	2.462808	10.414288
11893	70226.829787	53.759427	-0.759144	2.427106	10.471632
11895	70228.918931	54.491632	-0.285549	2.458505	10.964559
11897	70231.008750	56.310452	-0.526782	2.463205	10.664680
11901	70235.187178	54.944275	-0.572875	2.458408	10.591932
11905	70239.366237	54.909375	-0.557188	2.458854	10.862649
11907	70241.456188	54.958567	-0.526706	2.458034	11.208315
11913	70247.724723	55.851620	-0.761083	2.458839	10.319965
11917	70251.903284	54.444485	-0.341393	2.454936	10.500255
11919	70253.992420	54.960592	-0.521602	2.456887	10.627138
11921	70256.081818	56.262037	-0.539352	2.459982	10.473743
11923	70258.171319	54.966885	-0.619689	2.456802	10.097391
11927	70262.349755	55.956626	-0.772686	2.458205	10.405773
11929	70264.438920	55.905561	-0.766629	2.457984	10.070111
11931	70266.528743	55.781179	-0.804321	2.456906	10.625078
11933	70268.617755	54.883734	-0.490974	2.454562	10.666220
11939	70274.885907	56.247796	-0.539864	2.459129	10.426785
11941	70276.975176	54.916397	-0.627833	2.454862	10.614106
11945	70281.154251	55.995556	-0.761504	2.456950	10.961524
11947	70283.243624	54.939794	-0.532706	2.453679	10.674899
11949	70285.333273	54.452415	-0.334606	2.451864	10.571943
11955	70291.601413	54.895871	-0.571340	2.452865	10.426047
11957	70293.690922	54.529478	-0.335473	2.450469	10.700203
11959	70295.780341	54.980722	-0.501413	2.452819	10.451227
11967	70304.137533	55.838852	-0.803122	2.453835	10.562643
11969	70306.227270	55.891323	-0.808925	2.453275	10.558504
11975	70312.495432	53.813865	-0.717650	2.419405	10.636931
11977	70314.584770	56.330549	-0.548973	2.455722	10.832789
11979	70316.674101	54.890935	-0.615872	2.450746	10.826775
11981	70318.763135	54.400758	-0.362723	2.448748	10.720520
11983	70320.852859	54.944865	-0.507892	2.450148	10.926110
11985	70322.942123	56.274905	-0.548825	2.454491	10.953270
11987	70325.031298	54.253787	-0.836061	2.417420	10.607374
11991	70329.210044	55.847849	-0.769397	2.451091	10.650827
11995	70333.388880	54.882520	-0.525484	2.449032	11.046370
11997	70335.477961	54.939296	-0.506048	2.449331	10.249384
11999	70337.567069	54.956090	-0.539699	2.449483	10.592101
12001	70339.656696	56.240232	-0.549268	2.452444	10.515768
12003	70341.746013	54.847725	-0.525293	2.448023	10.508516
12005	70343.835683	54.397760	-0.325033	2.446251	10.615831
12007	70345.924927	56.314171	-0.535383	2.453297	10.659421
12011	70350.103435	56.192255	-0.548801	2.451931	10.408982
12015	70354.282583	54.772272	-0.498693	2.446291	10.575370
12017	70356.371870	54.892690	-0.556919	2.447110	10.701077
12019	70358.461582	54.371623	-0.323683	2.445836	10.812368
12021	70360.551141	54.462588	-0.272236	2.446305	10.937672
12023	70362.640257	54.961556	-0.515322	2.446805	10.425884
12025	70364.729939	54.991403	-0.493146	2.446303	10.752670
12027	70366.819366	56.292499	-0.547089	2.450887	10.590581
12033	70373.087488	55.938001	-0.784268	2.448120	10.659351
12035	70375.176708	56.003512	-0.766130	2.448057	10.435134
12049	70389.801884	56.272723	-0.553887	2.448475	10.473661
12051	70391.891693	54.252430	-0.758554	2.411347	10.704076
12057	70398.159605	54.948701	-0.510234	2.443603	10.701309
12061	70402.338458	54.401505	-0.738284	2.411346	10.565805
12063	70404.428261	54.990682	-0.494815	2.443006	10.860942
12065	70406.517262	54.353324	-0.370305	2.439938	10.019791
12067	70408.606777	54.894357	-0.530104	2.442313	10.446514
12071	70412.785539	54.889738	-0.546143	2.441751	10.376245
12077	70419.053728	54.206449	-0.297812	2.440571	10.475849
12079	70421.143120	56.317764	-0.549648	2.445575	10.815371
12087	70429.500767	54.367156	-0.744521	2.407640	10.666185
12089	70431.590238	56.241667	-0.542262	2.445298	10.486558
12093	70435.768813	56.295449	-0.544473	2.444931	10.835438
12095	70437.858339	56.051839	-0.759915	2.442967	10.893185
12097	70439.947692	55.969070	-0.746249	2.442673	10.706035
12101	70444.126678	53.710489	-0.771867	2.406541	10.299883
12103	70446.216132	54.915637	-0.533443	2.439147	10.680692
12105	70448.305048	56.263563	-0.540278	2.443768	10.883209
12107	70450.394420	55.749172	-0.811817	2.439948	10.487323
12109	70452.483949	55.807104	-0.799364	2.440042	10.766864
12115	70458.751982	56.045980	-0.747206	2.440741	10.425285
12117	70460.841128	54.848010	-0.520726	2.437102	10.534135
12119	70462.930592	54.439312	-0.266113	2.436684	10.858152
12121	70465.019714	54.379763	-0.314590	2.436234	10.955408
12123	70467.109031	54.384831	-0.302593	2.435922	10.793686
12125	70469.198458	56.188165	-0.537595	2.441697	10.934470
12127	70471.288023	54.335172	-0.764666	2.403454	10.749963
12129	70473.377513	54.059812	-0.292343	2.435559	10.559343
12133	70477.556140	54.812197	-0.539368	2.435643	10.324779
12135	70479.645579	56.257161	-0.553309	2.440558	10.926698
12147	70492.182545	55.637151	-0.822556	2.435815	10.275778
12151	70496.361271	56.349970	-0.548795	2.439820	10.817391
12153	70498.450728	55.954062	-0.777997	2.437080	10.473530
12155	70500.539984	54.855450	-0.504539	2.433233	10.527187
12161	70506.808282	54.803315	-0.601669	2.433110	10.803169
12165	70510.986926	54.827833	-0.534919	2.432266	10.851356
12167	70513.076142	56.280904	-0.572690	2.438093	10.390684
12175	70521.433754	54.327048	-0.712482	2.401302	10.466684
12177	70523.523182	56.213454	-0.559147	2.436648	10.775012
12183	70529.791007	54.831260	-0.562158	2.430739	10.467888
12187	70533.969821	54.841979	-0.583587	2.430629	10.681945
12189	70536.059489	54.902927	-0.534512	2.430701	10.251161
12191	70538.148622	54.930781	-0.555445	2.430896	10.935831
12195	70542.327285	54.734879	-0.504915	2.428843	10.775689
12201	70548.595438	54.342167	-0.764847	2.396340	10.510801
12203	70550.685082	56.196884	-0.569047	2.434537	10.851809
12207	70554.863701	54.056373	-0.321525	2.426944	11.036694
12209	70556.953598	54.835323	-0.535570	2.428243	10.987793
12211	70559.042471	56.329392	-0.571078	2.434647	10.550109
12215	70563.221720	54.839521	-0.668876	2.428523	10.321661
12219	70567.400578	54.323827	-0.783962	2.394573	10.890405
12225	70573.668906	56.141577	-0.565201	2.432003	10.720732
12227	70575.758215	56.009512	-0.769304	2.430268	10.767210
12229	70577.847342	54.329692	-0.817931	2.393556	10.836879
12231	70579.936685	56.306600	-0.576744	2.432392	10.434538
12235	70584.115359	54.237929	-0.764487	2.394713	10.313990
12237	70586.204664	54.828207	-0.554602	2.425817	10.486409
12239	70588.294044	56.276043	-0.568439	2.431541	10.662357
12241	70590.383294	55.882082	-0.778860	2.428928	10.434594
12243	70592.472838	54.770960	-0.608412	2.425255	10.838392
12245	70594.561895	56.417126	-0.582882	2.431018	10.933865
12249	70598.741015	54.778471	-0.522676	2.423908	10.617362
12251	70600.830366	54.231576	-0.326038	2.421852	10.732755
12259	70609.188032	54.287575	-0.824974	2.389473	10.539018
12261	70611.277334	56.312981	-0.571427	2.429610	10.864129
12265	70615.456160	54.870958	-0.535662	2.423017	10.511045
12267	70617.545495	54.877598	-0.548589	2.423160	10.648576
12269	70619.634963	54.839828	-0.542052	2.422662	10.332760
12271	70621.724537	54.210720	-0.338400	2.421011	10.523156
12273	70623.813395	54.848985	-0.581778	2.422390	10.545197
12277	70627.992145	55.904574	-0.785735	2.425502	10.845833
12279	70630.081675	55.670328	-0.851247	2.423996	10.773421
12285	70636.349927	54.440760	-0.284659	2.419875	10.787323
12287	70638.439196	54.437341	-0.289200	2.419942	10.767682
12289	70640.528489	56.304836	-0.587133	2.426673	10.702790
12293	70644.707599	54.300103	-0.802237	2.388389	10.985232
12295	70646.796826	54.415175	-0.295567	2.418716	10.533665
12303	70655.154482	54.870357	-0.568712	2.418723	10.564653
12307	70659.333219	54.374746	-0.730710	2.387336	10.775562
12311	70663.512229	54.777957	-0.625199	2.418675	10.939130
12313	70665.601468	56.249610	-0.581141	2.424995	10.437097
12319	70671.869479	54.779471	-0.609797	2.417990	10.607679
12321	70673.958968	54.340272	-0.326898	2.415651	10.625849
12323	70676.048504	56.244209	-0.572223	2.424024	10.526209
12325	70678.138206	55.948390	-0.778199	2.421996	10.523561
12329	70682.317025	56.158683	-0.565494	2.422886	10.835769
12333	70686.495638	54.825501	-0.534634	2.416783	10.396151
12339	70692.764082	56.016278	-0.796011	2.420704	10.823613
12343	70696.942689	54.292148	-0.776694	2.383043	10.568955
12345	70699.031942	56.278687	-0.559772	2.422644	10.533261
12349	70703.210946	54.290381	-0.295236	2.413995	10.730058
12351	70705.300214	54.848271	-0.558851	2.415116	10.785525
12355	70709.478710	54.752133	-0.605516	2.414516	10.613675
12357	70711.567957	56.111285	-0.577907	2.420172	10.892273
12359	70713.657251	54.274778	-0.753327	2.381737	10.496383
12361	70715.746664	54.814002	-0.540320	2.413911	10.560953
12369	70724.104284	56.280151	-0.591976	2.419295	10.696423
12371	70726.193843	54.259499	-0.823624	2.378996	10.618372
12373	70728.283183	56.130537	-0.591696	2.418448	10.326218
12377	70732.461969	54.792613	-0.573010	2.412290	10.462717
12379	70734.551366	54.867265	-0.548839	2.412605	10.877855
12385	70740.819484	54.732206	-0.608877	2.411873	10.610335
12387	70742.908809	54.087248	-0.286520	2.410541	10.354905
12389	70744.998346	55.967307	-0.572781	2.416996	10.717057
12391	70747.087783	55.705447	-0.839121	2.414269	10.845620
12393	70749.177211	54.730419	-0.641804	2.411251	10.432216
12395	70751.266560	54.790655	-0.547296	2.411065	10.582065
12397	70753.355942	56.209327	-0.578462	2.417394	10.788120
12401	70757.534862	54.750098	-0.682762	2.410663	10.891323
12403	70759.624416	56.183968	-0.587011	2.416388	10.240950
12407	70763.803030	54.110206	-0.313926	2.407842	10.791177
12409	70765.892770	56.176128	-0.573625	2.415655	10.484436
12413	70770.071329	56.183425	-0.594065	2.415311	10.523293
12415	70772.160745	54.757026	-0.583772	2.408358	10.566880
12419	70776.338955	54.769407	-0.539853	2.407885	10.364988
12421	70778.428235	54.792283	-0.593454	2.408589	10.488998
12429	70786.785947	54.737375	-0.635352	2.407599	10.438606
12431	70788.875138	56.256782	-0.580951	2.413759	10.605799
12439	70797.232698	54.765875	-0.649548	2.406879	10.546461
12441	70799.322442	54.842442	-0.560090	2.406948	10.910009
12447	70805.590930	55.969060	-0.830142	2.410180	10.403782
12453	70811.859534	56.174229	-0.594064	2.411079	10.821413
12455	70813.948865	54.798001	-0.548779	2.404508	10.722745
12457	70816.038191	54.288928	-0.317926	2.403604	10.537931
12463	70822.305890	56.205825	-0.562166	2.411376	10.575755
12469	70828.574331	55.878978	-0.800383	2.408103	10.780980
12471	70830.663753	55.931582	-0.780387	2.408433	10.789235
12477	70836.931842	54.751753	-0.671725	2.403090	10.436100
12479	70839.021177	56.249219	-0.560129	2.409441	11.158169
12485	70845.289413	56.116520	-0.549247	2.408205	10.712365
12487	70847.378918	54.827496	-0.616419	2.402365	10.715250
12489	70849.467970	54.758767	-0.532237	2.402022	10.594409
12491	70851.557616	56.185827	-0.547774	2.408746	10.708901
12493	70853.646759	54.192156	-0.782764	2.367994	10.878906
12497	70857.825359	54.691205	-0.627045	2.401029	10.943970
12499	70859.915168	54.209422	-0.236232	2.400200	10.916960
12505	70866.183478	54.690044	-0.544384	2.400031	10.584496
12507	70868.272650	54.354446	-0.264190	2.398386	10.488238
12509	70870.362270	54.742364	-0.536099	2.399570	10.767049
12511	70872.451657	54.281657	-0.255156	2.397646	10.442221
12513	70874.541249	56.404302	-0.560481	2.406798	10.759811
12515	70876.630684	54.723587	-0.645324	2.399159	10.899938
12517	70878.720194	56.172201	-0.571206	2.405440	10.525554
12521	70882.899258	54.754577	-0.683334	2.399114	10.818778
12523	70884.988465	56.302742	-0.554226	2.405071	10.758902
12529	70891.256655	55.762492	-0.851535	2.401262	10.097098
12531	70893.346239	55.727433	-0.840477	2.400582	10.633625
12535	70897.524905	54.741479	-0.555003	2.397168	10.464079
12543	70905.882287	55.768639	-0.826626	2.400298	10.753281
12545	70907.971610	54.708823	-0.568231	2.395983	10.856805
12547	70910.061373	54.801574	-0.509423	2.396251	10.966542
12551	70914.239871	54.743720	-0.622241	2.395963	10.862577
12553	70916.329441	54.232137	-0.280885	2.393085	10.814360
12555	70918.419195	54.376495	-0.232870	2.394454	10.714575
12557	70920.508749	54.287622	-0.238186	2.394240	10.616287
12561	70924.687548	55.894764	-0.862769	2.398578	10.044359
12563	70926.777289	55.695388	-0.832419	2.397707	11.026975
12573	70937.224228	54.735936	-0.618513	2.393954	10.493531
12575	70939.313587	54.726648	-0.533192	2.393271	10.656335
12577	70941.403236	56.233405	-0.572218	2.400803	10.774885
12581	70945.581844	54.714837	-0.560933	2.392557	10.366236
12587	70951.849978	54.809366	-0.530608	2.392118	10.765298
12589	70953.939762	54.760193	-0.566968	2.391778	10.733859
12591	70956.029265	56.121704	-0.560992	2.398441	10.678954
12595	70960.207694	56.260199	-0.561965	2.399104	10.498379
12601	70966.475728	55.886143	-0.809055	2.395257	10.152352
12603	70968.565307	54.674802	-0.539210	2.389870	10.782114
12605	70970.654280	56.150157	-0.566830	2.397507	10.618007
12607	70972.743839	55.504454	-0.881252	2.393099	10.717070
12611	70976.922562	54.701118	-0.621278	2.390099	10.690969
12613	70979.011850	56.240520	-0.554032	2.397915	10.744657
12617	70983.191339	54.686062	-0.641911	2.389744	10.616172
12619	70985.280573	54.764417	-0.551106	2.389614	10.768648
12625	70991.548938	56.215957	-0.568259	2.396200	10.311412
12627	70993.638542	55.561439	-0.832754	2.391427	10.251021
12629	70995.727768	54.723055	-0.583188	2.387900	10.378879
12631	70997.817195	54.761272	-0.539482	2.388043	10.568848
12633	70999.906854	56.129497	-0.541738	2.395364	11.012923
12637	71004.085515	54.221023	-0.243145	2.386770	10.886206
12639	71006.174944	54.771560	-0.508766	2.387225	10.590048
12641	71008.264156	56.247086	-0.554358	2.395438	10.583068
12645	71012.443255	54.197982	-0.676850	2.357412	10.439331
12647	71014.532639	54.172879	-0.286239	2.383784	11.002003
12649	71016.622061	54.052876	-0.200207	2.385679	10.629154
12651	71018.711390	56.051071	-0.535661	2.393948	10.716983
12659	71027.069414	55.890648	-0.826485	2.389058	10.839119
12663	71031.247753	54.748117	-0.502577	2.385213	10.677081
12665	71033.337249	54.165957	-0.320519	2.382737	10.548374
12667	71035.426460	54.725589	-0.550612	2.384787	10.148610
12669	71037.515880	54.739753	-0.516305	2.384544	10.232152
12671	71039.605247	54.173763	-0.294080	2.382978	10.707066
12675	71043.783772	55.763301	-0.802926	2.388319	10.235663
12679	71047.962888	55.648164	-0.860392	2.387238	10.815484
12681	71050.052215	54.612689	-0.498653	2.382538	10.812852
12683	71052.141482	54.167065	-0.234531	2.382527	10.959919
12685	71054.231055	56.178170	-0.536245	2.391833	10.946328
12687	71056.320771	54.670947	-0.499431	2.382287	10.375002
12689	71058.410268	54.269032	-0.169773	2.382041	10.440173
12691	71060.499580	56.251260	-0.558354	2.391024	10.592511
12693	71062.589158	55.781715	-0.814938	2.387132	10.840155
12695	71064.678577	55.695505	-0.879687	2.386070	10.833723
12699	71068.857601	54.748226	-0.503011	2.381716	10.522178
12701	71070.947039	56.194711	-0.545454	2.389927	10.535696
12703	71073.036690	55.739294	-0.855777	2.385709	10.547885
12705	71075.126000	54.707829	-0.600714	2.381228	10.380261
12707	71077.215261	56.323624	-0.543484	2.390109	10.661761
12709	71079.304574	54.396046	-0.690960	2.349151	10.795603
12711	71081.394196	54.739902	-0.541757	2.381104	10.265346
12715	71085.572976	54.667760	-0.534882	2.379667	10.442615
12717	71087.662177	56.264142	-0.540636	2.389325	10.976511
12721	71091.841135	54.691170	-0.541706	2.379609	10.736901
12723	71093.930387	56.316934	-0.533075	2.389363	10.615143
12729	71100.198781	54.698183	-0.605720	2.379055	10.500168
12735	71106.467183	54.819625	-0.507037	2.378996	10.654335
12737	71108.556464	54.365343	-0.222668	2.376040	10.476351
12739	71110.645741	56.213963	-0.554362	2.386503	10.601935
12741	71112.734980	54.259417	-0.649593	2.345774	10.443733
12743	71114.824346	54.740231	-0.519549	2.377731	10.433134
12745	71116.913927	56.179326	-0.535809	2.386247	10.713181
12751	71123.182112	54.622204	-0.553390	2.376745	10.440141
12753	71125.271405	54.692466	-0.515901	2.376967	10.807716
12755	71127.361138	56.365043	-0.541908	2.385643	10.380885
12761	71133.629290	55.901333	-0.775139	2.382182	11.200934
12765	71137.808433	54.699456	-0.645403	2.376285	10.913428
12767	71139.897771	54.666815	-0.533533	2.375492	10.736417
12777	71150.345189	54.286199	-0.646948	2.343520	10.355046
12779	71152.434552	54.700808	-0.511380	2.374366	10.729831
12781	71154.523822	54.699575	-0.536401	2.374645	10.411577
12785	71158.702250	54.618583	-0.625824	2.374071	10.678725
12787	71160.791643	56.113867	-0.542326	2.382220	10.544687
12791	71164.970622	54.631529	-0.512162	2.372663	10.585727
12793	71167.060208	54.698959	-0.505293	2.373436	10.985579
12795	71169.149394	56.200047	-0.534910	2.382512	10.717887
12797	71171.238758	54.562664	-0.632519	2.372528	10.675648
12799	71173.328131	54.705393	-0.521532	2.372410	10.680147
12801	71175.417751	54.689332	-0.516272	2.372281	10.673434
12803	71177.507206	54.731402	-0.546464	2.372658	10.448222
12805	71179.596933	54.692217	-0.529292	2.371941	10.357226
12811	71185.864940	54.693115	-0.493842	2.371068	10.539770
12815	71190.043738	55.846438	-0.858763	2.376831	10.465711
12819	71194.222764	56.084886	-0.538031	2.379998	10.698369
12821	71196.311913	54.590013	-0.683795	2.371989	10.496580
12823	71198.401236	56.140438	-0.553498	2.379916	10.656842
12825	71200.490603	55.816769	-0.791817	2.376631	10.757310
12827	71202.580091	54.603870	-0.560802	2.369977	10.602771
12831	71206.759079	54.610988	-0.508832	2.369032	10.719143
12833	71208.848467	54.656365	-0.557532	2.369454	10.896236
12839	71215.116776	55.682758	-0.907549	2.373275	10.446478
12841	71217.206052	55.827525	-0.858391	2.373864	10.547424
12843	71219.295156	54.624620	-0.563782	2.368375	10.778787
12845	71221.384578	56.046435	-0.542453	2.376917	10.725769
12849	71225.563298	54.649004	-0.540922	2.367461	10.719197
12851	71227.652348	56.019332	-0.569093	2.375913	10.357304
12855	71231.831137	55.760380	-0.890925	2.372258	11.012593
12859	71236.009987	54.605000	-0.682042	2.367759	10.934466
12861	71238.099349	56.193442	-0.554303	2.376645	10.712505
12863	71240.189165	55.880539	-0.787926	2.373746	10.863793
12865	71242.278344	55.685149	-0.852091	2.372342	10.928809
12867	71244.367847	55.832609	-0.777243	2.373451	10.815153
12869	71246.457588	55.684631	-0.843885	2.371235	10.983727
12871	71248.546822	54.635182	-0.680447	2.366756	10.862722
12873	71250.636621	54.250711	-0.223847	2.363838	10.457572
12875	71252.726516	54.196596	-0.225417	2.363089	11.047830
12877	71254.815749	55.967506	-0.559746	2.373592	10.714687
12883	71261.083802	56.178114	-0.548370	2.374009	10.634070
12885	71263.173232	54.656128	-0.521838	2.364330	10.973102
12887	71265.262692	54.696062	-0.538024	2.364619	10.553470
12889	71267.352055	54.128436	-0.236876	2.362884	10.881677
12891	71269.441454	54.154286	-0.258726	2.363250	10.814300
12893	71271.530821	54.699000	-0.518249	2.364192	10.573603
12895	71273.620307	56.208160	-0.577466	2.372383	10.659263
12899	71277.799105	55.805199	-0.858588	2.369671	10.995482
12905	71284.067222	54.695536	-0.537421	2.362641	10.680969
12907	71286.156856	56.245270	-0.590476	2.371532	10.616786
12911	71290.335624	55.668555	-0.916222	2.366784	10.628217
12915	71294.514388	54.733278	-0.533904	2.361984	10.795045
12919	71298.693509	54.710480	-0.538884	2.361550	10.503831
12921	71300.782595	54.667293	-0.524526	2.361410	10.651841
12925	71304.961791	54.589087	-0.506828	2.359909	10.899668
12927	71307.050964	56.213634	-0.566031	2.370522	10.856788
12931	71311.229775	55.735483	-0.855422	2.366285	10.669460
12935	71315.408538	54.596683	-0.642389	2.360238	10.618130
12937	71317.497880	54.185541	-0.242126	2.357217	10.646935
12939	71319.587563	54.196226	-0.167084	2.358792	10.595940
12945	71325.855817	55.712666	-0.903637	2.363780	10.721333
12947	71327.945174	54.637308	-0.653246	2.359467	10.693113
12949	71330.035008	54.667810	-0.538830	2.358767	10.286873
12951	71332.124199	54.239247	-0.201212	2.355414	10.574384
12955	71336.302856	54.616607	-0.594184	2.358127	10.561645
12957	71338.392850	56.082674	-0.553088	2.366603	10.550088
12959	71340.481983	55.755813	-0.878550	2.363486	10.662999
12965	71346.750189	54.579886	-0.618141	2.357290	10.620701
12967	71348.839736	54.645234	-0.556844	2.357343	10.753468
12969	71350.929257	54.229913	-0.214516	2.353971	10.818235
12971	71353.018241	56.282441	-0.572723	2.366278	10.607017
12973	71355.107831	55.763390	-0.847426	2.362502	11.007811
12975	71357.197127	55.863631	-0.849105	2.363040	10.793292
12977	71359.286637	54.616614	-0.540436	2.355502	11.031556
12979	71361.376220	56.115816	-0.574651	2.364604	10.633048
12983	71365.554689	56.072797	-0.543658	2.364820	10.703129
12985	71367.644262	54.622123	-0.611444	2.355437	10.771711
12987	71369.733654	56.103509	-0.545706	2.364634	10.886133
12995	71378.090961	55.802291	-0.863540	2.360458	10.472111
12997	71380.180542	54.570530	-0.514341	2.353285	10.713075
12999	71382.270077	54.278461	-0.157220	2.352663	10.463818
13001	71384.359301	54.086743	-0.194796	2.353287	10.499841
13009	71392.716778	54.646774	-0.581976	2.353361	10.565539
13015	71398.985058	55.914734	-0.835992	2.359706	10.948757
13019	71403.164202	56.098819	-0.565726	2.361580	11.028553
13021	71405.253645	54.654742	-0.636172	2.352253	10.449745
13023	71407.343116	56.069406	-0.577400	2.361033	10.871643
13029	71413.611131	54.664785	-0.528022	2.350120	11.038825
13031	71415.700334	54.242262	-0.221977	2.349130	10.539062
13033	71417.789567	56.142177	-0.573611	2.361838	10.773283
13035	71419.879243	55.784796	-0.922066	2.357374	10.801704
13039	71424.057409	54.238790	-0.702626	2.317018	10.484135
13041	71426.147215	56.152689	-0.569504	2.361233	10.781127
13045	71430.325903	54.671414	-0.563410	2.350166	10.381379
13047	71432.415394	54.659255	-0.585425	2.349980	10.881440
13049	71434.504338	56.208763	-0.567199	2.360485	10.884602
13051	71436.594282	55.897365	-0.872294	2.356273	10.491614
13057	71442.862497	54.388102	-0.178087	2.347539	10.863987
13059	71444.951990	54.702561	-0.591309	2.348954	10.064185
13061	71447.041015	56.226662	-0.576424	2.359454	10.581618
13065	71451.220036	54.141440	-0.220637	2.347969	11.034105
13071	71457.487759	54.639325	-0.578352	2.347578	10.468677
13073	71459.577594	54.683765	-0.580856	2.348007	10.764929
13077	71463.756040	54.569384	-0.676252	2.347637	10.849693
13085	71472.114211	54.598854	-0.667609	2.346880	10.699521
13087	71474.203470	54.230246	-0.273493	2.343865	10.945013
13089	71476.292936	54.673311	-0.571445	2.346274	10.734933
13091	71478.382345	54.263922	-0.177707	2.345630	10.468881
13093	71480.471698	54.699692	-0.547020	2.346553	10.578771
13099	71486.740663	56.116865	-0.589416	2.355449	10.556805
13103	71490.919043	54.115158	-0.286823	2.342869	10.582023
13107	71495.097775	54.691922	-0.593490	2.344887	10.565889
13111	71499.276603	55.884274	-0.917843	2.351784	10.823430
13115	71503.455766	54.109820	-0.234038	2.343656	10.536527
13117	71505.544956	54.198604	-0.237006	2.342838	10.870903
13121	71509.723632	54.635330	-0.759215	2.344247	10.837014
13123	71511.813067	54.678908	-0.623244	2.343475	10.808795
13125	71513.902572	54.648954	-0.602217	2.342716	10.926482
13127	71515.991206	54.812741	-0.606670	2.343198	11.047132
13133	71522.260437	56.097547	-0.622386	2.352087	10.444940
13135	71524.349897	55.846661	-0.956066	2.347925	10.825526
13137	71526.439338	54.287796	-0.758622	2.306888	10.609868
13139	71528.528582	56.256715	-0.619356	2.352879	10.691154
13141	71530.617760	54.626009	-0.686231	2.341783	10.963476
13143	71532.707546	54.660011	-0.594838	2.341599	10.873536
13145	71534.796697	55.738839	-0.594479	2.350578	10.357345
13147	71536.886068	54.576065	-0.630295	2.340679	10.361498
13149	71538.975332	54.261725	-0.176186	2.340069	10.713803
13159	71549.422599	53.944182	-0.256191	2.337477	10.673196
13161	71551.512012	53.990996	-0.206048	2.339164	10.846115
13163	71553.601493	54.656315	-0.587454	2.339457	10.804950
13177	71568.227267	55.690434	-0.969574	2.344753	10.743970
13185	71576.584656	54.633884	-0.542333	2.337744	10.335595
13187	71578.674032	56.200233	-0.615796	2.349228	10.464068
13189	71580.763455	55.837915	-0.857390	2.345988	10.732497
13191	71582.852774	54.553965	-0.668965	2.337608	11.075825
13193	71584.942523	54.599626	-0.578328	2.337023	10.545705
13195	71587.031656	54.602383	-0.583281	2.337146	10.950484
13197	71589.121299	53.934145	-0.200201	2.336386	10.928653
13201	71593.299901	55.599659	-0.935238	2.343888	10.549438
13203	71595.389695	54.576362	-0.574096	2.335815	11.015614
13205	71597.479506	54.713237	-0.554567	2.336084	10.573852
13207	71599.568533	54.084986	-0.299998	2.332997	10.975544
13209	71601.658163	56.070532	-0.601327	2.346386	10.156139
13213	71605.836562	56.106347	-0.611103	2.345666	10.375041
13219	71612.104664	56.123093	-0.610608	2.346391	10.559447
13223	71616.283693	56.207063	-0.607814	2.346048	10.386292
13227	71620.462430	54.085836	-0.224930	2.333376	10.437711
13229	71622.551799	53.940696	-0.194560	2.333244	10.622044
13231	71624.641235	54.071385	-0.157366	2.333436	10.957251
13237	71630.909579	54.219022	-0.200301	2.331198	10.851458
13239	71632.999055	56.092909	-0.585445	2.343668	10.693094
13243	71637.178041	54.337962	-0.156231	2.331134	10.820092
13245	71639.267488	54.659684	-0.610486	2.332840	10.232688
13249	71643.445966	53.945320	-0.175066	2.331774	10.598824
13251	71645.535425	54.228212	-0.153706	2.331747	10.936375
13253	71647.624709	54.625116	-0.624534	2.332561	10.487589
13255	71649.714084	54.652871	-0.567040	2.331970	10.679067
13259	71653.895283	54.255061	-0.158790	2.329362	10.426057
13261	71655.984245	54.196016	-0.122824	2.330536	10.781184
13265	71660.163461	55.784295	-0.915823	2.338662	10.775359
13267	71662.253015	54.506201	-0.648298	2.330324	10.401490
13271	71666.431353	55.603989	-0.995142	2.336573	10.451756
13279	71674.786803	54.555371	-0.580339	2.329259	10.766042
13283	71678.965515	53.819644	-0.271189	2.327328	10.390348
13285	71681.055029	54.551778	-0.634619	2.328721	10.809128
13287	71683.144283	56.086270	-0.631886	2.339994	10.948964
13289	71685.233558	55.800396	-0.966891	2.336770	10.641880
13293	71689.412433	55.724151	-0.955473	2.336130	10.773556
13295	71691.501971	55.668862	-0.971441	2.335386	10.575818
13299	71695.680862	55.777972	-0.921416	2.336485	10.655627
13303	71699.859363	54.597767	-0.630486	2.327414	10.731734
13305	71701.949122	54.142475	-0.224432	2.325542	10.784695
13307	71704.038525	54.670306	-0.614352	2.327271	10.797867
13313	71710.306796	54.161911	-0.224398	2.325444	10.648294
13315	71712.396554	56.038468	-0.618208	2.337842	10.493188
13323	71720.753940	54.639213	-0.628280	2.325752	10.496990
13331	71729.111687	55.918247	-0.901340	2.334416	10.785849
13335	71733.290543	54.580437	-0.602023	2.324350	10.645757
13337	71735.379689	54.214274	-0.213658	2.322506	10.275110
13339	71737.468924	54.146571	-0.243224	2.323736	10.800209
13341	71739.558062	54.615013	-0.673140	2.323876	10.844959
13343	71741.647797	54.149856	-0.225976	2.323308	10.833430
13351	71750.005573	55.883049	-0.956816	2.331624	10.377954
13355	71754.184651	56.264054	-0.649664	2.334133	10.913046
13359	71758.363470	54.161021	-0.225343	2.321117	10.811227
13361	71760.452809	54.593644	-0.657385	2.321747	10.787771
13363	71762.542111	54.596920	-0.629233	2.321720	10.645779
13369	71768.810801	54.574870	-0.635192	2.321757	10.264127
13371	71770.900083	54.580730	-0.624747	2.321165	10.441451
13373	71772.989520	56.238737	-0.650337	2.334294	10.706304
13383	71783.436459	54.132890	-0.253175	2.317450	10.868044
13385	71785.525970	54.080676	-0.233564	2.318618	10.293839
13391	71791.794461	56.138869	-0.663549	2.332003	10.731715
13395	71795.973178	54.634596	-0.663007	2.319310	10.675827
13405	71806.419753	54.200535	-0.204385	2.317567	10.886242
13407	71808.508776	54.551080	-0.660410	2.318050	10.658964
13409	71810.597949	54.560343	-0.612882	2.317732	10.524940
13411	71812.687290	54.203632	-0.214594	2.315318	10.733257
13413	71814.777227	55.965731	-0.638034	2.329748	10.998484
13417	71818.955965	54.216706	-0.218395	2.315723	10.421431
13419	71821.045593	54.612142	-0.652432	2.316975	11.053283
13421	71823.134968	56.073966	-0.657406	2.328014	10.668466
13431	71833.582502	56.108698	-0.641366	2.328062	10.922777
13437	71839.850670	56.168277	-0.667270	2.327882	10.672484
13441	71844.028888	56.163713	-0.658204	2.327050	10.279992
13447	71850.297378	55.769738	-0.979585	2.323002	10.566191
13455	71858.655273	54.637312	-0.646746	2.313235	10.736218
13459	71862.834116	55.553722	-1.055351	2.320438	10.725819
13465	71869.102381	54.135430	-0.211802	2.311017	10.715388
13467	71871.192006	54.615679	-0.623579	2.312474	10.846324
13469	71873.281128	54.585940	-0.611077	2.312076	10.410762
13471	71875.370321	56.186003	-0.649875	2.325736	10.445538
13475	71879.549091	54.055019	-0.207318	2.310397	10.698094
13477	71881.638703	54.535783	-0.606113	2.311523	10.228509
13483	71887.907267	54.582557	-0.622666	2.311401	10.777691
13489	71894.175147	54.515348	-0.662766	2.310225	10.470620
13501	71906.712048	56.183963	-0.638360	2.321886	10.674258
13509	71915.069395	54.081854	-0.213528	2.309374	10.665177
13517	71923.427167	54.555302	-0.625676	2.308030	10.755425
13519	71925.516262	54.085417	-0.220314	2.307017	10.418571
13521	71927.605667	56.113931	-0.655423	2.321070	10.714078
13523	71929.695443	55.789290	-0.983309	2.317178	10.759011
13527	71933.874221	54.094771	-0.260984	2.306444	10.767311
13529	71935.963796	54.537580	-0.631851	2.307012	10.479220
13531	71938.053154	54.144139	-0.198854	2.305807	10.715704
13533	71940.142445	54.607742	-0.600402	2.306677	10.413754
13541	71948.500005	54.165411	-0.182941	2.305729	10.794030
13543	71950.589670	54.138251	-0.202034	2.303562	10.330862
13545	71952.678745	56.229586	-0.652032	2.319040	10.652839
13547	71954.768386	55.632067	-1.029958	2.313429	10.967918
13551	71958.947195	54.552178	-0.630654	2.304986	10.817042
13553	71961.036540	56.119810	-0.648490	2.318952	10.759757
13557	71965.215428	54.590485	-0.634365	2.304568	10.735893
13559	71967.304912	54.229379	-0.205504	2.301904	10.495876
13561	71969.394460	56.273315	-0.650625	2.318681	10.678695
13563	71971.483718	55.834107	-0.961833	2.313910	11.078771
13567	71975.662222	54.105082	-0.242434	2.301724	11.003044
13573	71981.930414	54.511214	-0.638806	2.302721	10.934265
13575	71984.020367	54.581270	-0.639906	2.303209	10.748871
13577	71986.109588	56.192093	-0.655193	2.317112	10.754239
13579	71988.198776	55.755242	-0.967989	2.312274	10.854970
13581	71990.288317	55.790186	-1.011872	2.311168	10.942469
13589	71998.645921	56.200306	-0.655717	2.316077	10.865172
13591	72000.735607	55.506874	-1.019670	2.309605	10.771739
13593	72002.824901	55.894088	-0.942869	2.311635	10.824905
13595	72004.914224	55.872774	-0.951508	2.311137	10.642033
13597	72007.003947	55.607778	-0.984191	2.310161	10.794999
13599	72009.093345	55.842999	-0.948287	2.310561	10.701946
13603	72013.272336	56.149744	-0.644148	2.314472	10.600991
13607	72017.451265	54.579499	-0.624244	2.299344	10.797268
13609	72019.540776	54.059217	-0.277313	2.297593	10.713602
13611	72021.629470	54.200677	-0.115161	2.299905	10.799630
13613	72023.719362	56.316362	-0.668299	2.313869	10.446778
13627	72038.344991	54.040946	-0.257901	2.297422	10.592176
13629	72040.434071	54.120751	-0.203890	2.296076	10.718221
13631	72042.523733	54.092487	-0.257453	2.294520	10.848275
13633	72044.613398	56.165321	-0.655020	2.311270	10.733638
13643	72055.060525	55.782394	-1.016630	2.305528	10.745990
13647	72059.239269	54.585686	-0.671880	2.296362	10.896366
13649	72061.328310	54.187074	-0.199013	2.293268	10.695299
13653	72065.506854	55.803580	-1.004639	2.305951	10.717149
13661	72073.864552	54.551343	-0.637321	2.294793	10.869436
13683	72096.847401	55.847367	-0.947681	2.303564	10.860548
13689	72103.115739	54.475186	-0.632900	2.292176	10.737896
13691	72105.205358	54.133689	-0.196141	2.289719	10.865622
13703	72117.742088	56.162021	-0.660432	2.305791	10.309988
13705	72119.831824	55.920087	-0.938263	2.302438	10.792267
13709	72124.010959	55.794701	-1.032541	2.299983	10.919272
13713	72128.189875	54.647212	-0.601264	2.290105	10.951667
13715	72130.279266	56.031975	-0.667511	2.303048	10.580501
13721	72136.547292	54.608968	-0.669361	2.290211	10.765405
13723	72138.636942	55.994894	-0.677471	2.302406	10.781379
13727	72142.815571	54.625435	-0.637882	2.289596	10.561829
13733	72149.084329	54.085455	-0.245792	2.287001	10.836757
13737	72153.263200	55.957928	-0.953616	2.300983	10.677927
13747	72163.709794	56.169805	-0.657791	2.302874	10.903065
13757	72174.156821	56.007987	-0.941865	2.297910	10.680716
13759	72176.246109	55.566132	-1.022973	2.296365	10.564271
13761	72178.335887	55.705773	-1.034901	2.295266	10.644119
13763	72180.425339	55.842609	-1.008764	2.296410	10.523452
13767	72184.604185	56.203461	-0.662636	2.300381	10.233782
13773	72190.873011	54.526404	-0.646067	2.284607	10.748038
13775	72192.961976	56.145664	-0.652104	2.299519	11.222376
13777	72195.051217	55.902864	-0.939990	2.296420	10.608365
13781	72199.230294	56.177299	-0.646202	2.299412	10.553354
13783	72201.319645	55.867161	-1.052000	2.293555	10.228329
13797	72215.945180	55.839142	-0.980780	2.294397	10.500706
13799	72218.034935	55.841450	-0.966421	2.293863	10.749941
13809	72228.481874	54.071616	-0.189795	2.281406	10.874336
13811	72230.571571	53.944941	-0.179136	2.279859	10.923139
13813	72232.661010	54.128829	-0.115443	2.281149	10.416835
13815	72234.750563	56.090892	-0.670448	2.295654	10.546113
13823	72243.107631	54.561349	-0.611960	2.280333	10.437245
13825	72245.197294	56.022199	-0.671917	2.294471	10.319317
13829	72249.376282	56.091388	-0.673533	2.294528	10.503838
13831	72251.465515	55.750664	-0.979890	2.290581	10.578453
13833	72253.554918	55.804005	-0.956104	2.291221	10.660228
13835	72255.644356	55.824323	-0.994807	2.290484	10.245582
13845	72266.091648	55.837434	-0.993926	2.290181	10.753443
13853	72274.449733	56.116351	-0.644874	2.293171	10.794427
13855	72276.538934	55.768366	-0.985328	2.287841	10.892746
13859	72280.717768	56.183733	-0.662850	2.293078	10.564804
13861	72282.806891	55.905088	-0.992435	2.288339	10.404647
13869	72291.164970	54.034298	-0.156980	2.275405	10.370900
13871	72293.254505	54.505920	-0.667764	2.276403	10.208102
13877	72299.522492	55.734990	-1.014889	2.286598	10.700837
13885	72307.880246	56.121305	-0.673277	2.290437	10.374905
13889	72312.058965	54.135317	-0.157603	2.273842	10.695357
13891	72314.148722	55.950971	-0.646171	2.288722	10.614316
13903	72326.684913	54.597395	-0.661547	2.274697	10.901462
13905	72328.774338	54.502814	-0.614754	2.273663	10.702791
13915	72339.221561	56.242857	-0.650460	2.289702	10.849252
13921	72345.489961	54.541500	-0.641669	2.272421	10.331608
13925	72349.668879	55.915753	-0.998697	2.283513	10.687457
13927	72351.758095	54.484216	-0.822386	2.272857	10.459062
13929	72353.847535	55.993120	-0.656555	2.286056	10.633513
13933	72358.026303	54.104131	-0.140434	2.270554	10.712944
13935	72360.115723	54.511019	-0.623995	2.270652	10.631893
13939	72364.294465	56.100117	-0.658874	2.286152	10.605952
13941	72366.384048	55.804258	-0.981990	2.282561	10.272380
13947	72372.652230	56.273803	-0.664591	2.286078	10.615585
13955	72381.010120	54.136003	-0.073442	2.268628	10.578478
13961	72387.278476	55.916250	-0.655748	2.282982	10.492936
13965	72391.457495	54.005144	-0.208825	2.267814	10.738944
13967	72393.546656	54.122194	-0.138483	2.268605	10.423798
13969	72395.636296	55.997764	-0.657628	2.282948	10.618307
13977	72403.993911	55.859794	-0.965294	2.279836	10.686955
13979	72406.083019	55.603808	-1.050708	2.277687	10.790229
13983	72410.262190	54.509866	-0.664232	2.266522	10.738052
13993	72420.709439	55.662230	-1.081798	2.274989	10.697925
13997	72424.888103	53.806002	-0.148658	2.265866	10.741940
13999	72426.977793	54.088363	-0.162486	2.264514	10.558681
14001	72429.067068	54.537665	-0.633566	2.265442	10.911087
14009	72437.424745	55.725880	-1.022985	2.275665	10.431098
14015	72443.692842	54.462842	-0.675132	2.263996	10.607258
14023	72452.051105	56.019030	-0.658544	2.278751	10.245139
14033	72462.497686	54.029843	-0.196838	2.261490	10.393536
14035	72464.587279	54.097246	-0.135903	2.262360	10.899786
14037	72466.676638	56.154769	-0.676453	2.278133	10.832742
14043	72472.944902	56.139880	-0.678841	2.278878	10.520495
14047	72477.123580	54.459942	-0.625531	2.260801	10.707965
14051	72481.302644	55.816030	-0.982385	2.273352	10.874936
14055	72485.481354	55.927500	-0.673990	2.275961	10.781351
14063	72493.839223	55.800568	-1.038410	2.271636	10.837102
14077	72508.464963	54.103381	-0.121574	2.258096	10.679817
14079	72510.554705	56.126842	-0.673894	2.275660	10.935142
14083	72514.733569	55.647345	-1.046604	2.268406	10.967942
14089	72521.002060	56.053306	-0.657916	2.274078	10.526597
14091	72523.091432	55.749075	-1.042570	2.268573	10.704277
14093	72525.181136	55.710675	-1.081180	2.267506	10.480025
14097	72529.359473	54.414644	-0.812291	2.257714	10.688710
14099	72531.449328	55.970058	-0.682392	2.271661	10.476076
14103	72535.627665	54.093533	-0.123379	2.256363	10.725851
14115	72548.164284	54.432367	-0.704229	2.255570	10.336289
14117	72550.253792	56.027136	-0.657225	2.272296	10.862023
14121	72554.432908	55.927234	-0.660076	2.270992	10.856827
14129	72562.790694	54.491470	-0.652120	2.253924	10.517439
14131	72564.880103	56.072607	-0.663341	2.270645	10.606025
14139	72573.238246	56.079239	-0.676070	2.268886	10.576710
14147	72581.595128	54.480612	-0.657165	2.252553	10.796104
14149	72583.684496	54.056336	-0.135402	2.252885	10.464244
14157	72592.042726	56.098894	-0.655319	2.269308	10.439187
14159	72594.131977	55.864890	-0.984927	2.264640	10.897994
14165	72600.400452	54.469533	-0.752842	2.251489	10.360033
14167	72602.489641	54.106297	-0.136157	2.250758	10.899834
14171	72606.668791	55.846388	-1.010307	2.263489	10.604894
14173	72608.758369	55.950489	-0.972876	2.263799	10.518718
14177	72612.937062	55.976134	-0.692249	2.265559	10.720137
14183	72619.205318	54.507820	-0.639923	2.249335	10.885406
14185	72621.295098	54.097868	-0.108594	2.249364	10.698076
14187	72623.384317	54.080643	-0.114164	2.248522	10.613048
14189	72625.473898	54.129949	-0.087824	2.249178	10.965251
14195	72631.742237	56.259521	-0.676604	2.266429	10.648010
14203	72640.099769	54.498411	-0.666478	2.247582	10.663604
14205	72642.189379	56.001167	-0.659895	2.264052	10.586274
14207	72644.278618	55.959649	-1.051456	2.259683	10.605830
14211	72648.457596	55.992460	-0.679492	2.263282	10.759693
14213	72650.546769	55.845142	-0.998239	2.260082	10.549429
14215	72652.636532	55.835557	-1.034561	2.258894	10.613963
14225	72663.083215	55.865159	-0.979527	2.259635	10.992268
14229	72667.262449	54.075864	-0.181707	2.243810	10.795360
14231	72669.351741	56.064489	-0.685837	2.262395	11.012833
14237	72675.620276	56.140677	-0.657711	2.262799	10.871012
14239	72677.709419	55.771136	-1.027387	2.256769	10.669238
14243	72681.888189	56.059684	-0.672881	2.261664	10.731572
14255	72694.424983	56.034039	-0.675299	2.260665	10.701554
14261	72700.693732	55.925958	-0.970166	2.257147	10.675606
14265	72704.872125	56.116543	-0.699685	2.259721	10.883804
14271	72711.140628	56.294237	-0.684085	2.259473	10.622763
14277	72717.408519	53.985203	-0.167756	2.242439	10.953713
14283	72723.677221	55.695167	-1.072754	2.252573	10.590975
14287	72727.855729	55.952643	-1.023026	2.255150	10.571986
14293	72734.123781	56.114624	-0.683528	2.257696	10.588324
14299	72740.392785	54.476133	-0.709979	2.239318	11.114693
14301	72742.482179	56.215819	-0.667387	2.257738	10.840115
14305	72746.660961	54.460033	-0.754516	2.239544	10.435260
14311	72752.929248	56.140726	-0.667141	2.255463	10.779103
14313	72755.018643	54.437947	-0.682253	2.237223	10.224194
14325	72767.555222	54.421225	-0.712431	2.236934	10.669005
14331	72773.823365	54.460721	-0.656094	2.235700	10.940708
14335	72778.002553	55.771310	-1.121309	2.247620	10.653989
14337	72780.092183	54.472793	-0.741277	2.236100	10.505064
14339	72782.181829	56.106677	-0.677709	2.253464	10.760886
14343	72786.360418	55.951890	-0.692255	2.250609	10.647097
14359	72803.075131	56.119936	-0.652697	2.253207	10.916665
14365	72809.343805	55.975323	-0.696515	2.250325	10.888089
14373	72817.701862	55.742870	-1.084407	2.244210	10.714372
14377	72821.880854	54.174847	-0.087454	2.231721	10.798319
14383	72828.148412	54.490040	-0.735146	2.232507	10.879673
14395	72840.685224	56.019733	-0.664280	2.248651	10.741484
14429	72876.205662	55.874272	-0.989331	2.243399	10.986154
14435	72882.474069	54.512394	-0.683375	2.227966	10.772426
14437	72884.563456	56.017680	-0.663966	2.245811	10.680642
14439	72886.653126	54.373369	-0.739751	2.227727	10.771305
14445	72892.921793	55.727695	-1.093406	2.238788	10.521243
14447	72895.011153	54.498218	-0.744259	2.227388	10.795532
14455	72903.368746	56.159511	-0.666457	2.245976	10.655306
14457	72905.458114	55.700276	-1.091497	2.238426	10.884766
14459	72907.547817	54.388295	-0.704012	2.225701	10.352389
14461	72909.637101	56.147501	-0.694786	2.244379	10.866018
14463	72911.726465	55.821920	-1.030220	2.239630	10.712426
14465	72913.815986	54.406469	-0.787489	2.225918	10.823113
14467	72915.905056	56.014273	-0.697573	2.243108	10.773256
14473	72922.173647	54.531022	-0.682441	2.224147	10.771119
14475	72924.263268	56.002626	-0.686826	2.241878	10.573730
14477	72926.352292	54.513095	-0.712935	2.224287	10.690285
14479	72928.441990	55.910858	-0.655710	2.241007	10.924122
14487	72936.799144	54.394278	-0.742208	2.223239	10.852535
14493	72943.067738	54.391373	-0.694631	2.221795	10.500965
14505	72955.604526	54.209850	-0.136480	2.220559	10.915519
14507	72957.693956	54.136934	-0.101422	2.221104	10.886669
14509	72959.783867	55.977326	-0.693564	2.238403	10.612402
14521	72972.320157	55.878363	-1.054911	2.234825	10.665543
14523	72974.409639	54.272807	-0.747905	2.220511	10.925060
14527	72978.588951	54.352354	-0.683121	2.219466	10.760055
14533	72984.856934	54.467537	-0.634211	2.219098	10.691699
14541	72993.214529	54.087634	-0.123754	2.218327	10.977026
14545	72997.393375	54.507251	-0.667016	2.218121	10.741975
14547	72999.483132	56.122851	-0.683691	2.237338	10.993323
14549	73001.572136	55.860116	-1.043439	2.232716	10.764397
14553	73005.751034	55.593442	-1.086482	2.231442	10.792252
14555	73007.840565	54.484581	-0.638054	2.216700	10.533703
14557	73009.929811	55.976500	-0.674540	2.236889	10.573875
14561	73014.108538	56.143468	-0.682409	2.237011	11.042634
14563	73016.198318	55.908455	-1.019231	2.232903	10.920230
14565	73018.287855	54.459195	-0.676230	2.216499	10.794669
14567	73020.377491	56.186327	-0.673173	2.237188	10.599912
14571	73024.555874	54.375160	-0.741437	2.216687	10.207811
14573	73026.645437	54.556944	-0.637363	2.215441	10.781812
14579	73032.914108	55.908594	-1.076828	2.229708	11.001950
14581	73035.003343	54.480746	-0.728303	2.215702	10.447842
14583	73037.092639	56.175090	-0.683724	2.233966	10.345206
14589	73043.360734	56.139310	-0.671327	2.235209	11.204337
14595	73049.629211	54.413898	-0.589924	2.212877	10.663392
14601	73055.897479	54.509866	-0.647902	2.214143	10.856524
14603	73057.987017	54.474619	-0.627846	2.213064	10.988906
14605	73060.076281	54.516798	-0.694065	2.213542	10.737840
14609	73064.255081	55.872510	-1.049532	2.227752	10.838045
14621	73076.791947	55.979867	-0.656695	2.230984	10.876021
14625	73080.970715	55.995057	-0.654078	2.231067	10.286274
14629	73085.149972	54.437298	-0.669443	2.211256	10.845050
14631	73087.239140	55.947041	-0.672184	2.230606	10.928580
14633	73089.328824	54.471346	-0.624803	2.210327	10.861185
14635	73091.417989	55.980812	-0.659471	2.229716	10.819007
14643	73099.775611	54.135047	-0.089845	2.211594	10.445984
14647	73103.955524	56.016365	-0.657326	2.228909	10.743712
14649	73106.044970	54.485024	-0.628704	2.208441	10.611083
14653	73110.223952	54.409408	-0.827457	2.210736	10.757910
14663	73120.670659	55.985883	-0.690537	2.228316	10.855123
14667	73124.849764	55.903195	-0.978793	2.224761	11.032425
14671	73129.028864	55.943695	-0.973148	2.224666	10.714795
14681	73139.476312	54.433464	-0.745700	2.207341	10.867894
14687	73145.744630	55.988831	-0.703987	2.225619	10.444952
14693	73152.012552	54.393486	-0.643769	2.204791	10.840020
14695	73154.102202	54.445851	-0.674645	2.205294	10.704207
14697	73156.191840	54.509564	-0.649397	2.205026	10.808220
14699	73158.281070	54.193724	-0.664620	2.204093	10.681775
14707	73166.639373	55.805174	-1.070663	2.218804	10.994805
14709	73168.728769	54.418069	-0.818523	2.205574	10.705170
14721	73181.265305	54.476401	-0.639453	2.202534	10.723577
14723	73183.354671	56.051148	-0.701475	2.222141	10.576073
14725	73185.443926	54.398841	-0.684807	2.202856	10.564601
14727	73187.533508	55.916187	-0.688338	2.223061	10.832652
14729	73189.622660	54.370365	-0.777884	2.203584	10.769123
14739	73200.070406	55.974837	-0.950959	2.218591	10.951079
14741	73202.159537	55.999709	-1.015049	2.217212	10.554935
14753	73214.696369	54.458781	-0.672474	2.200082	10.153252
14755	73216.785706	55.952393	-0.691336	2.219265	10.533197
14757	73218.874990	55.857157	-1.031899	2.216002	10.557251
14759	73220.964508	55.819948	-1.032252	2.215710	10.694311
14761	73223.054003	55.641181	-1.031127	2.215629	10.596763
14765	73227.232886	55.962091	-0.680849	2.219146	10.836266
14769	73231.411930	54.400053	-0.764776	2.199691	11.010934
14771	73233.501698	55.964951	-0.681661	2.218391	10.592420
14773	73235.591115	55.969928	-0.982188	2.216334	10.830904
14777	73239.770199	54.514093	-0.675212	2.198339	10.500228
14781	73243.948816	56.182412	-0.681051	2.219366	10.775746
14785	73248.127268	54.480881	-0.718597	2.197981	10.686235
14787	73250.217476	54.481326	-0.655120	2.197829	10.345326
14791	73254.396021	54.415996	-0.681057	2.196992	10.697643
14793	73256.485379	54.519181	-0.625824	2.196471	10.778195
14795	73258.574924	56.136361	-0.680159	2.219020	10.582937
14801	73264.843353	55.799726	-1.092173	2.210993	10.636108
14803	73266.932610	54.448940	-0.637044	2.195524	10.978972
14809	73273.200943	54.517921	-0.622548	2.195743	10.193817
14813	73277.380253	55.810214	-1.093810	2.210658	10.830599
14815	73279.469366	55.635927	-1.124369	2.208397	10.285857
14819	73283.648459	54.403737	-0.646153	2.194053	10.617053
14821	73285.737666	54.500217	-0.612624	2.194300	10.635435
14823	73287.827270	55.963870	-0.696862	2.214248	10.630788
14827	73292.005968	55.860819	-1.075143	2.210325	10.955247
14837	73302.453531	54.457179	-0.628515	2.192724	10.939675
14845	73310.811353	56.184705	-0.679834	2.214503	10.890620
14851	73317.079854	56.003894	-0.685336	2.211956	10.636492
14857	73323.347868	54.418024	-0.651622	2.190960	10.520506
14859	73325.437542	56.003720	-0.685792	2.212260	10.843663
14861	73327.526802	54.398452	-0.751353	2.191906	10.664242
14865	73331.705753	56.071979	-0.678974	2.212197	10.963889
14869	73335.884682	55.859242	-1.032275	2.207285	10.921446
14871	73337.974161	55.938032	-1.029338	2.207981	10.511219
14873	73340.063760	54.463721	-0.639703	2.189711	10.934582
14877	73344.242182	55.627687	-1.213797	2.204261	10.648460
14879	73346.331732	54.452428	-0.810489	2.191140	10.689879
14885	73352.600244	55.734492	-1.116666	2.204032	10.188133
14893	73360.957472	54.449589	-0.648884	2.188241	10.726096
14895	73363.047032	54.418512	-0.648887	2.187939	10.900709
14899	73367.225873	54.438077	-0.689026	2.187628	10.768853
14905	73373.494388	56.056450	-0.695604	2.207301	11.166427
14911	73379.763241	54.439133	-0.697365	2.187092	10.226511
14917	73386.031526	56.093843	-0.686685	2.208172	10.720120
14925	73394.389224	54.386145	-0.739398	2.186656	10.742939
14933	73402.747238	54.476192	-0.645264	2.184492	10.200517
14935	73404.836991	54.452898	-0.694157	2.184964	10.766236
14939	73409.015439	54.423206	-0.682967	2.184287	10.824775
14945	73415.284033	54.395934	-0.775759	2.184821	10.248905
14951	73421.552240	54.490266	-0.647228	2.183630	10.690072
14959	73429.909824	55.807317	-1.061068	2.199441	10.632142
14967	73438.267341	54.407698	-0.632264	2.181288	10.788554
14983	73454.983180	54.341162	-0.734905	2.181558	10.468243
14985	73457.072914	54.517045	-0.671635	2.180539	10.573696
14987	73459.162115	54.487697	-0.635458	2.180573	10.721587
14991	73463.341196	54.437504	-0.620954	2.179581	10.851791
14993	73465.430440	54.447302	-0.676945	2.179761	10.989530
14997	73469.609490	54.392430	-0.673170	2.179380	10.759949
14999	73471.698954	54.464839	-0.702752	2.180154	11.089189
15003	73475.877884	54.474199	-0.640750	2.179006	10.914712
15007	73480.057114	54.468241	-0.670246	2.178756	10.901985
15011	73484.235691	55.982271	-0.695738	2.198569	10.525809
15015	73488.415068	55.731845	-1.154670	2.193038	10.357972
15021	73494.683452	54.374101	-0.664969	2.178233	10.758271
15027	73500.951123	55.695301	-1.133029	2.192099	10.698939
15031	73505.130561	54.471884	-0.647864	2.176149	10.651543
15033	73507.220074	54.459135	-0.683456	2.176966	10.759807
15037	73511.399096	54.453355	-0.698380	2.176354	10.921838
15039	73513.488530	56.048005	-0.693386	2.197967	10.968773
15041	73515.578341	54.386479	-0.760696	2.175989	10.880754
15043	73517.667110	54.465445	-0.664914	2.175335	10.319569
15045	73519.756492	56.066512	-0.695396	2.196838	10.954915
15049	73523.935309	55.831794	-0.678833	2.196223	10.794143
15051	73526.024784	54.397829	-0.764846	2.175791	11.058357
15057	73532.292850	55.752533	-1.103741	2.189709	10.727728
15061	73536.471858	54.372235	-0.674163	2.173902	10.592593
15063	73538.561207	55.919013	-0.699303	2.195657	10.551573
15075	73551.098050	55.959362	-1.039882	2.190921	11.197406
15083	73559.455666	54.512451	-0.633023	2.171728	10.521845
15085	73561.545444	56.044238	-0.691366	2.194232	10.784674
15087	73563.634796	54.391808	-0.741249	2.172615	10.888442
15089	73565.724195	55.943383	-0.696305	2.193314	10.915369
15095	73571.992488	56.107290	-0.713756	2.193650	10.530819
15097	73574.082102	54.391694	-0.658925	2.170370	10.606740
15099	73576.171680	56.097826	-0.684586	2.193893	10.688119
15103	73580.350718	54.584198	-0.644187	2.170190	10.997966
15109	73586.619235	54.559861	-0.678698	2.170120	10.694304
15117	73594.976814	55.898897	-1.073413	2.187338	10.733874
15119	73597.066496	54.408925	-0.665184	2.168070	10.724778
15127	73605.424229	55.892655	-1.057776	2.186567	10.554025
15129	73607.513725	55.838655	-1.093308	2.185235	10.876776
15131	73609.603316	55.861232	-1.072328	2.184937	10.627950
15139	73617.961115	54.461938	-0.705905	2.167276	10.811943
15141	73620.050882	54.566809	-0.639522	2.166543	10.416879
15143	73622.140509	54.514671	-0.693559	2.167301	10.954641
15151	73630.497928	55.877061	-1.068556	2.183991	10.742162
15153	73632.587704	55.749994	-1.137738	2.181653	10.743401
15159	73638.856628	55.514522	-1.180374	2.180385	10.574731
15161	73640.945141	55.928004	-1.045520	2.183680	10.346731
15167	73647.213833	54.463609	-0.703818	2.165145	10.351674
15173	73653.482555	54.560682	-0.646335	2.164403	10.530481
15179	73659.750703	54.463514	-0.639580	2.163045	10.348003
15181	73661.840152	54.100692	-0.014672	2.166936	10.948493
15185	73666.019025	54.485174	-0.635956	2.163464	10.684024
15189	73670.197812	54.527887	-0.692740	2.163429	10.681838
15191	73672.287409	54.121404	0.015016	2.164579	10.902752
15195	73676.466247	55.749659	-1.128085	2.179295	10.583091
15199	73680.645077	56.166704	-0.714610	2.185612	10.523564
15203	73684.824193	56.105565	-0.698329	2.184535	10.714211
15209	73691.092457	54.164834	-0.598907	2.126204	11.005298
15211	73693.182069	54.532135	-0.645277	2.161377	10.634637
15213	73695.271065	54.438155	-0.626604	2.160914	11.030363
15221	73703.629523	54.386473	-0.760626	2.161591	10.915721
15223	73705.719211	54.447299	-0.648883	2.160444	10.370579
15225	73707.808428	54.089526	0.007655	2.162733	10.725522
15229	73711.987479	56.006746	-1.069350	2.178156	10.570922
15233	73716.166304	55.903708	-1.069407	2.177508	10.814151
15239	73722.435014	55.713216	-1.086069	2.177000	10.382642
15245	73728.702903	54.482770	-0.771716	2.159626	10.945815
15247	73730.793315	55.890929	-0.683386	2.180007	10.655476
15253	73737.061696	55.909014	-1.015984	2.177346	10.439573
15255	73739.150820	54.097603	-0.564606	2.125407	10.732863
15257	73741.240616	56.002888	-0.705058	2.179667	10.303207
15259	73743.329868	55.984750	-1.092254	2.174860	10.902237
15265	73749.598377	54.500920	-0.635450	2.155893	10.632863
