num crossings	time (s)	maj axis (mm)	min axis (mm)	theta (rad )	slope (V/s)
1701	1817.111187	60.804498	0.199953	3.418370	12.540824
1713	1829.632236	63.138487	0.597592	3.406009	13.089969
1715	1831.718503	59.966933	0.340616	3.422330	12.657835
1717	1833.805788	61.950178	0.515722	3.407452	12.192309
1719	1835.892482	60.259046	0.354397	3.417054	12.748841
1723	1840.066298	60.401133	0.201505	3.414905	12.426255
1731	1848.415213	60.159084	0.373611	3.414382	12.556704
1735	1852.589621	60.411441	0.357496	3.415737	12.720072
1741	1858.850836	60.302723	0.185937	3.412647	12.945572
1747	1865.111645	59.176767	0.079946	3.412300	12.675891
1751	1869.286382	60.206971	0.367557	3.417365	13.618968
1755	1873.460804	60.064445	0.372370	3.410905	12.353541
1757	1875.548208	60.605126	0.347709	3.413954	12.589633
1767	1885.984455	54.770550	0.287831	3.399294	12.758409
1769	1888.072209	60.120920	0.302196	3.413457	12.908297
1771	1890.159306	62.015579	0.538856	3.402585	12.651826
1773	1892.246873	61.250474	-0.635766	3.426435	12.324146
1783	1902.683071	60.484459	0.299239	3.412317	12.729022
1791	1911.031871	61.096263	0.413530	3.396073	12.432711
1793	1913.119318	59.896927	0.263868	3.410436	12.637886
1795	1915.205858	60.506436	0.196540	3.407208	12.360069
1799	1919.379368	59.192927	0.113107	3.408709	12.503450
1809	1929.814161	60.300566	0.253964	3.404475	13.098358
1815	1936.075171	60.177989	0.452973	3.391069	12.484602
1817	1938.161372	60.302426	0.465883	3.400329	12.542576
1819	1940.248527	59.803664	5.391534	3.402947	12.283680
1823	1944.423057	60.293147	0.247916	3.403838	12.672585
1827	1948.597368	60.019661	0.232234	3.403186	12.713132
1829	1950.684611	61.871846	0.637720	3.398960	12.390199
1831	1952.772471	59.556023	5.578806	3.396274	12.285732
1837	1959.033908	59.771846	0.384516	3.400415	12.999485
1839	1961.120995	60.682313	0.550019	3.398358	12.913717
1843	1965.295842	61.311004	0.515796	3.390721	12.435637
1845	1967.382630	57.999699	0.345863	3.405346	12.409767
1847	1969.469170	60.335655	0.267962	3.401288	12.259989
1849	1971.556711	60.541698	0.272513	3.403116	12.665419
1857	1979.906311	60.517938	0.248032	3.399087	12.780032
1859	1981.993739	60.913234	0.535522	3.398261	12.725380
1861	1984.080989	60.152095	0.360389	3.398565	12.523301
1873	1996.603692	61.863574	0.494516	3.386026	12.847629
1875	1998.690477	60.759225	0.328852	3.400726	12.541406
1881	2004.952260	60.454142	0.554987	3.391048	12.433671
1883	2007.039137	60.019991	0.354313	3.395606	12.244600
1885	2009.126012	59.570780	0.531040	3.390134	12.651286
1887	2011.212778	62.519739	5.373484	3.395923	12.840697
1889	2013.299916	61.171815	0.629909	3.387386	12.922714
1891	2015.387270	61.327152	1.679352	3.404088	12.758626
1893	2017.473403	59.556449	0.233150	3.392891	12.841062
1897	2021.648552	60.479039	0.261759	3.395040	12.434083
1899	2023.734886	59.932373	0.206467	3.394745	12.315851
1903	2027.909244	60.866380	0.541053	3.383813	12.266556
1907	2032.084017	60.075101	0.235501	3.391503	12.583995
1909	2034.170384	58.408065	0.050318	3.392512	13.245119
1913	2038.344776	61.052952	0.476967	3.381861	12.832349
1921	2046.693844	61.388962	0.505948	3.381447	12.078190
1923	2048.781257	67.378871	2.055480	3.399637	12.881142
1927	2052.955209	60.169472	0.269907	3.390746	12.725003
1929	2055.042685	60.128213	0.231079	3.390607	12.881055
1933	2059.217723	61.309466	0.516956	3.380690	12.515597
1937	2063.392086	60.261036	0.391318	3.390398	12.650979
1939	2065.479971	59.928807	0.600202	3.384653	12.417910
1941	2067.566095	60.811547	0.587054	3.387907	13.006710
1945	2071.740590	60.211456	0.158001	3.387213	12.334893
1947	2073.827572	59.939673	0.518426	3.380949	12.849991
1949	2075.915332	60.512532	0.532610	3.385255	12.776689
1951	2078.002309	60.296484	0.295242	3.390597	12.495817
1953	2080.089380	60.344127	0.347924	3.388604	12.819480
1955	2082.175658	60.090400	5.025544	3.384118	12.522952
1957	2084.263137	60.595997	0.268559	3.387886	12.822939
1959	2086.349733	60.353785	0.194802	3.385764	12.868787
1963	2090.524015	61.217233	0.453648	3.378401	12.516106
1965	2092.610958	62.600368	5.443137	3.379871	12.250342
1967	2094.698403	59.751982	0.353114	3.384603	12.818653
1969	2096.785052	61.955023	5.292539	3.382808	12.185998
1971	2098.871709	62.392700	0.586625	3.377883	12.664369
1977	2105.133631	60.741746	0.174417	3.383735	12.145796
1979	2107.221168	59.472236	0.174842	3.383893	12.648767
1983	2111.395307	60.700537	0.450453	3.376718	12.811632
1985	2113.481577	58.149158	0.477179	3.375641	13.064935
1987	2115.568089	60.108882	0.445935	3.383792	12.989451
1989	2117.656410	60.377152	0.301815	3.386704	12.283542
1991	2119.743771	59.812767	0.176608	3.383384	12.606780
1993	2121.831177	60.044005	0.389563	3.381478	12.766862
1995	2123.918396	60.343864	0.377914	3.385727	12.550919
1999	2128.092402	62.623681	0.627194	3.379638	12.836729
2001	2130.179736	61.027803	0.589613	3.380274	12.319878
2005	2134.353922	60.222375	0.256464	3.380567	12.323409
2009	2138.528488	59.988157	0.271382	3.382144	12.534571
2013	2142.702526	61.430411	0.519555	3.369248	12.650751
2015	2144.789925	60.525011	0.399002	3.385651	12.883398
2017	2146.876988	60.360788	0.597240	3.367766	13.083806
2025	2155.226751	60.223787	0.352865	3.381221	12.173134
2027	2157.313750	61.845824	0.560561	3.371042	12.110107
2029	2159.400617	60.227315	0.407622	3.379494	12.729506
2031	2161.488295	60.636515	0.362834	3.381093	12.745424
2035	2165.661276	60.804476	0.403089	3.383622	12.816373
2039	2169.836503	61.937315	0.534180	3.369471	12.360026
2041	2171.923441	60.143199	0.308081	3.382719	12.487233
2043	2174.010877	60.311665	0.213700	3.376085	12.657029
2047	2178.184297	61.412156	0.454285	3.364897	12.859191
2049	2180.271102	61.195343	0.660184	3.375938	12.355132
2051	2182.358135	60.503070	0.344767	3.379563	12.512788
2053	2184.444851	58.990061	0.266018	3.363175	12.818426
2061	2192.792645	59.903978	0.395025	3.373520	12.501938
2067	2199.054233	60.709529	0.577380	3.363805	13.037210
2075	2207.403187	59.700381	0.216151	3.372487	12.498683
2077	2209.490469	60.795097	0.425805	3.365518	12.708435
2079	2211.577089	60.318301	0.347232	3.372565	12.769080
2081	2213.664017	60.140916	0.416851	3.371403	12.745517
2083	2215.751776	61.401582	0.738637	3.369401	12.483689
2085	2217.838932	59.250014	0.600422	3.365037	12.760189
2093	2226.187505	61.987263	0.577303	3.365425	12.603387
2095	2228.275257	60.252994	0.372104	3.375105	13.002259
2097	2230.362873	61.417858	0.546815	3.358858	13.010966
2101	2234.537300	60.095804	0.418061	3.369904	12.755652
2103	2236.624835	59.033735	0.545657	3.363361	12.164865
2113	2247.060562	61.629537	0.635120	3.359620	12.443596
2121	2255.409205	60.325037	0.249450	3.367804	12.943010
2123	2257.496128	59.893101	0.492848	3.359255	12.599619
2125	2259.583235	64.757552	5.321650	3.370599	12.389921
2133	2267.931236	61.496457	0.497433	3.355052	12.916911
2135	2270.017980	61.270655	0.674630	3.364638	12.491962
2137	2272.105339	61.318022	5.633746	3.360189	12.638736
2139	2274.192678	60.333242	0.231960	3.366141	12.503041
2141	2276.279672	61.946333	0.549520	3.355875	12.844054
2145	2280.453891	60.362604	0.363466	3.365204	12.439113
2147	2282.542034	61.915261	0.475455	3.362914	12.808878
2151	2286.715282	60.350428	0.285609	3.363310	12.858427
2153	2288.801954	60.181361	0.286724	3.363947	12.497038
2165	2301.325274	60.186650	0.309724	3.363827	12.709843
2173	2309.673858	59.785471	0.256758	3.361769	12.487477
2175	2311.760656	60.268831	0.403627	3.363620	12.385847
2177	2313.848603	61.738123	0.483030	3.347918	12.647669
2181	2318.022370	60.403930	0.377506	3.360453	12.424470
2183	2320.109106	59.645614	0.241045	3.359547	12.884175
2185	2322.196385	59.528745	0.066093	3.360612	12.513424
2187	2324.283383	60.151465	0.411505	3.357896	12.581305
2189	2326.371086	60.968017	0.649841	3.358588	12.750143
2191	2328.457985	60.330219	0.373422	3.359835	12.249742
2193	2330.544953	60.052617	0.326601	3.362020	12.289410
2199	2336.807130	60.797892	0.437967	3.347023	13.211908
2201	2338.894163	60.290823	0.348616	3.358331	12.768433
2203	2340.981637	60.207065	0.370115	3.357799	13.035500
2211	2349.329851	60.590164	0.259966	3.356624	12.524864
2213	2351.416919	60.650233	0.250595	3.354827	12.327894
2215	2353.503993	61.668654	0.556013	3.346549	12.679733
2217	2355.590849	67.283055	1.863427	3.365902	12.836749
2225	2363.938505	59.972932	0.212180	3.354722	13.058350
2227	2366.025743	60.263596	0.268626	3.354246	12.645684
2229	2368.113018	60.135575	0.364726	3.353088	12.477985
2239	2378.549481	60.500118	0.288338	3.353188	12.721148
2241	2380.636088	59.694929	0.424516	3.351163	12.294301
2245	2384.811033	60.333693	0.454215	3.341051	12.778247
2247	2386.898330	61.220232	0.645690	3.349049	12.414711
2249	2388.985512	61.470934	0.693721	3.350823	12.725144
2251	2391.072846	62.371653	5.219487	3.351188	12.786444
2253	2393.160348	59.943828	0.382092	3.350083	12.486597
2259	2399.421997	59.968318	0.214057	3.350107	12.331895
2261	2401.508905	58.374824	0.406550	3.336441	12.182225
2263	2403.595962	59.445241	5.273710	3.339058	12.322951
2271	2411.944116	60.328682	0.257299	3.349402	12.666055
2277	2418.205195	60.213464	0.367254	3.348309	12.769998
2279	2420.292441	60.089671	0.555298	3.343432	12.968927
2283	2424.466927	61.423867	0.512102	3.338704	12.217919
2285	2426.554100	61.314740	0.487190	3.344766	12.338567
2287	2428.641253	60.798383	0.579142	3.343446	12.632531
2289	2430.727882	59.787568	0.264970	3.348245	13.308038
2291	2432.814853	60.100814	0.217825	3.345700	12.730448
2297	2439.075092	60.066218	0.387201	3.344830	12.617501
2299	2441.162384	60.391121	0.338341	3.345088	12.474931
2301	2443.249184	60.314722	0.255640	3.346495	12.123429
2303	2445.337368	63.588319	0.507659	3.330364	12.945437
2305	2447.424714	63.001228	5.371468	3.337333	12.705179
2309	2451.598036	59.828221	0.204321	3.343655	12.605249
2313	2455.772627	61.190040	0.468831	3.333969	12.453931
2315	2457.858796	60.523524	0.308530	3.346303	12.724539
2317	2459.946528	60.125745	0.218106	3.342065	12.880453
2321	2464.118916	59.523982	0.291589	3.344049	12.537242
2327	2470.381491	60.041808	0.257860	3.342299	13.055995
2331	2474.557025	60.000455	0.408662	3.327165	12.353477
2335	2478.730907	60.059273	0.342955	3.339366	12.687903
2339	2482.905805	60.439956	0.326182	3.339528	12.998270
2341	2484.992184	61.530173	0.464225	3.327894	12.284711
2343	2487.080506	60.037420	0.362425	3.339253	12.486804
2345	2489.167720	59.949694	0.176454	3.341746	12.302466
2351	2495.428900	59.759957	0.250926	3.338559	12.649825
2353	2497.516821	61.520634	0.458159	3.325435	12.459833
2355	2499.603540	60.213257	0.494070	3.331431	12.342376
2357	2501.689482	60.158125	0.331282	3.341530	12.510346
2361	2505.863986	59.901386	0.376650	3.337856	12.720440
2365	2510.038309	62.032509	0.426769	3.323635	12.659949
2369	2514.212773	59.059979	0.208868	3.337697	12.776151
2375	2520.474134	60.217679	0.314386	3.336295	12.375308
2379	2524.647995	60.377048	0.283794	3.336278	12.903628
2381	2526.735428	59.726266	0.410708	3.333873	12.824468
2385	2530.909357	61.398364	0.621617	3.326825	12.558835
2391	2537.171254	59.484456	0.552254	3.327556	12.688912
2393	2539.257815	59.938530	0.329539	3.332605	12.378112
2409	2555.955221	58.549775	5.539721	3.323133	13.009014
2411	2558.042753	59.752667	0.406465	3.329184	12.757996
2415	2562.217275	60.173424	0.269785	3.330344	12.477437
2417	2564.304470	60.434951	0.276583	3.329656	12.276293
2421	2568.478448	60.288400	0.329373	3.331794	12.982179
2423	2570.565373	61.014710	0.465918	3.318150	12.754028
2427	2574.739865	61.266570	0.462146	3.315921	12.282324
2431	2578.914633	60.686464	0.473184	3.317675	12.424917
2433	2581.001535	59.991850	0.618018	3.321694	12.393479
2435	2583.088528	59.299346	0.326345	3.331071	12.422722
2439	2587.262704	60.377514	0.284009	3.328076	12.455816
2443	2591.437222	61.189626	0.663512	3.325072	12.697337
2445	2593.523757	60.087822	0.321752	3.329278	12.649306
2447	2595.611009	59.951152	0.263029	3.327350	12.659930
2451	2599.785525	59.846187	0.243265	3.326034	12.134756
2453	2601.872797	59.793319	0.253816	3.326040	12.974258
2455	2603.959658	60.093860	0.364251	3.324871	12.195219
2461	2610.221155	61.553460	0.523007	3.319147	12.235673
2463	2612.308174	66.989409	5.581896	3.323578	12.290400
2467	2616.482147	60.236897	0.279798	3.324429	12.725326
2475	2624.830610	62.015644	0.553904	3.309887	13.131888
2479	2629.004468	60.034239	0.228765	3.321966	12.408159
2483	2633.179176	60.071616	0.343409	3.320496	12.687292
2485	2635.266268	61.611108	0.591827	3.320348	12.292892
2487	2637.352946	60.771672	0.526208	3.316402	12.581063
2489	2639.439668	63.553886	5.560232	3.320168	12.815714
2491	2641.527409	61.233000	0.441575	3.310692	12.415471
2495	2645.701691	60.750456	0.404081	3.306532	12.645845
2499	2649.875775	60.137521	0.222893	3.319632	12.738979
2505	2656.137453	61.148553	0.582190	3.316399	12.257123
2507	2658.224454	59.730369	0.610423	3.311809	11.978207
2511	2662.398521	60.249196	0.379111	3.302143	12.904671
2513	2664.485850	61.204905	0.592348	3.315887	12.806397
2515	2666.572938	39.234799	-1.909977	3.315665	12.101699
2519	2670.747341	60.223511	0.318125	3.316154	12.586540
2521	2672.834424	60.008834	0.328059	3.315102	12.551043
2523	2674.921559	59.723943	0.347972	3.314340	12.080278
2525	2677.008748	60.712614	0.317739	3.318323	12.490417
2529	2681.182843	60.452390	0.228423	3.315596	11.756037
2535	2687.444916	60.021346	0.311804	3.313608	12.513759
2537	2689.531631	54.054716	5.605277	3.301150	12.570019
2539	2691.618630	59.770453	0.201761	3.314834	12.537299
2543	2695.792470	60.521400	0.247844	3.314270	12.423691
2547	2699.966907	60.066707	0.310496	3.311905	12.990097
2549	2702.053606	60.137637	0.302464	3.314762	13.132353
2553	2706.227603	60.254592	0.481209	3.301277	12.405116
2557	2710.401816	59.937521	0.273725	3.313302	12.508303
2559	2712.489329	60.893742	0.511030	3.300773	12.635102
2561	2714.576572	60.421326	0.302833	3.312684	12.256124
2569	2722.925230	61.159344	0.462749	3.297993	12.423558
2571	2725.012511	60.496333	0.327991	3.311548	11.920263
2575	2729.186979	58.230422	0.221912	3.310508	12.396567
2577	2731.273960	59.847739	0.271775	3.309409	12.500660
2579	2733.361049	60.467813	0.395930	3.309449	12.613425
2583	2737.534777	60.051866	0.267415	3.309240	12.866855
2587	2741.709191	60.219254	0.249763	3.308286	12.589235
2597	2752.145519	59.916028	0.346455	3.305553	12.699253
2599	2754.232249	60.502375	0.315809	3.309218	12.820048
2605	2760.493200	59.341208	0.401304	3.292155	12.554110
2607	2762.580060	60.827761	0.639909	3.304318	12.431366
2609	2764.667121	60.033794	0.300898	3.303746	12.792990
2621	2777.189943	60.398124	0.394744	3.290604	12.861582
2623	2779.276939	60.394076	0.542858	3.300193	12.138090
2625	2781.364460	59.800718	0.239298	3.304866	12.470995
2629	2785.538108	62.059269	0.438181	3.291881	12.698910
2631	2787.625209	60.781531	0.575767	3.299220	12.494836
2633	2789.712432	63.706389	5.573666	3.301714	12.416923
2639	2795.974111	59.961564	0.220791	3.301404	12.213176
2643	2800.148571	60.042581	0.198516	3.300115	12.463479
2649	2806.409646	60.153582	0.322212	3.299114	13.040679
2657	2814.757915	59.083156	0.171705	3.298839	13.009797
2661	2818.932603	59.990897	0.201312	3.297114	12.585478
2667	2825.193914	60.114086	0.278408	3.299294	12.353384
2669	2827.280278	61.269937	0.393486	3.283944	12.622362
2671	2829.367436	61.540618	0.583210	3.295255	12.310715
2673	2831.454376	59.836236	0.253369	3.297374	12.456364
2675	2833.541304	59.654533	0.415500	3.282915	12.385885
2677	2835.628472	60.585032	0.559645	3.292697	12.566584
2679	2837.715637	72.579811	0.551118	3.307944	12.256960
2683	2841.889636	61.580119	0.440906	3.282218	12.205527
2687	2846.063979	59.780853	0.470276	3.278356	12.870322
2689	2848.150644	60.369907	0.334104	3.293412	12.563237
2691	2850.237808	60.358543	0.583530	3.291086	12.733263
2693	2852.325073	61.663933	0.621370	3.292641	12.691315
2697	2856.498962	60.546707	0.299621	3.294596	12.565489
2699	2858.586185	57.836284	0.150461	3.292857	13.008834
2701	2860.673153	59.980809	0.393068	3.291509	12.238242
2705	2864.847363	60.321304	0.342427	3.292623	12.895938
2707	2866.934628	60.557883	0.708782	3.289495	12.334954
2709	2869.022240	59.938533	0.395001	3.290805	12.415238
2713	2873.196341	62.304051	0.576641	3.279892	12.756378
2715	2875.283666	60.244147	0.393723	3.290227	12.888872
2717	2877.370449	59.706232	0.325226	3.292002	12.490211
2719	2879.457589	60.145635	0.408487	3.289588	12.848194
2721	2881.544931	60.184375	0.346908	3.292217	13.093463
2723	2883.631885	60.040504	0.321641	3.290743	12.770132
2733	2894.068172	60.285621	0.310414	3.289809	12.531624
2737	2898.242420	60.128570	0.400676	3.287656	12.756698
2739	2900.329064	55.727195	5.515540	3.280315	12.684757
2743	2904.503792	60.173846	0.334875	3.288449	12.464172
2747	2908.678033	60.061121	0.334898	3.288588	12.328390
2749	2910.765161	59.855461	0.323005	3.288169	12.478312
2759	2921.200518	60.348400	0.343201	3.287557	12.576632
2763	2925.374525	61.188357	0.536065	3.272962	12.910488
2765	2927.461811	60.704291	0.680301	3.282325	12.889120
2767	2929.548619	61.508714	0.680826	3.284289	12.360130
2771	2933.723168	59.822219	0.331438	3.285904	12.491712
2777	2939.984162	60.906275	0.521550	3.271276	12.952232
2779	2942.071093	61.359615	5.508952	3.281309	12.613897
2781	2944.158213	62.177313	0.533087	3.272331	12.246694
2783	2946.245650	64.547036	2.691293	3.290935	12.519857
2785	2948.333222	61.551965	0.494394	3.267399	12.459606
2787	2950.419977	54.287184	5.572148	3.270955	12.256560
2789	2952.506998	59.954010	0.430457	3.281560	12.674669
2791	2954.593999	60.079302	0.395149	3.280784	12.983144
2795	2958.767760	60.006851	0.293768	3.282259	12.624115
2797	2960.855249	60.427894	0.375970	3.280036	12.818227
2803	2967.116843	59.888144	0.290127	3.280993	12.518977
2805	2969.203950	60.007749	0.298055	3.281328	12.760794
2811	2975.464905	61.418402	0.523463	3.266453	12.483309
2813	2977.552605	60.603639	5.526125	3.275445	12.319384
2815	2979.640122	59.139474	0.266386	3.280085	12.377722
2819	2983.814131	60.240381	0.318340	3.280063	12.584747
2821	2985.901545	59.714499	0.268264	3.278833	12.671361
2823	2987.988741	61.322004	0.452311	3.264996	12.665874
2825	2990.075769	61.455112	0.635991	3.275961	12.801904
2829	2994.249863	60.294029	0.317359	3.278497	12.439138
2831	2996.337277	59.802805	0.284836	3.277567	12.615868
2833	2998.424808	60.374883	0.281321	3.277745	12.666632
2835	3000.511322	62.143872	0.486193	3.260980	13.096727
2841	3006.772669	60.114560	0.305241	3.276535	12.663135
2843	3008.860502	60.253311	0.414923	3.275224	12.413238
2845	3010.947541	60.307700	0.659219	3.271021	12.246972
2849	3015.121524	59.941927	0.403803	3.273927	12.982378
2853	3019.295490	58.913984	0.475836	3.262261	12.651645
2855	3021.382717	30.582265	-1.382247	3.269727	12.592232
2857	3023.469980	60.151767	0.308535	3.274862	12.607697
2859	3025.557081	60.057494	0.281398	3.274589	12.227824
2863	3029.731176	62.875271	0.530491	3.265824	12.129717
2867	3033.904672	59.762006	0.268332	3.273714	12.713313
2869	3035.991705	61.652150	0.450254	3.260115	12.837254
2871	3038.079091	60.179971	0.352160	3.270854	12.531729
2875	3042.253351	63.344881	0.517050	3.266550	12.770012
2877	3044.340674	64.662110	-1.403947	3.287600	12.390395
2879	3046.427409	59.907489	0.326532	3.269202	12.794872
2881	3048.514575	62.767672	0.676407	3.268882	12.888637
2883	3050.601682	60.363727	0.272408	3.271460	12.478674
2885	3052.689014	59.442955	0.391678	3.256747	12.400933
2887	3054.776243	84.871228	-1.264120	3.283881	12.646791
2889	3056.863302	60.241904	0.261039	3.269903	12.652722
2895	3063.124179	60.329066	0.297594	3.269834	12.977659
2901	3069.385802	60.401267	0.275505	3.269052	12.444777
2909	3077.734797	60.171016	0.350177	3.266145	12.624536
2911	3079.821416	60.405965	0.354929	3.265549	12.895697
2915	3083.996001	60.386728	0.295437	3.267291	12.509962
2921	3090.257354	60.060582	0.293928	3.266071	12.717445
2923	3092.344827	58.174033	0.209598	3.266793	12.270810
2925	3094.431519	60.290508	0.282365	3.265883	12.839268
2927	3096.518445	59.951883	0.364340	3.263581	13.049433
2933	3102.780092	60.271707	0.285950	3.264861	12.356893
2935	3104.867133	60.477006	0.293369	3.264564	12.382950
2937	3106.954320	61.444803	0.424032	3.246158	12.772860
2941	3111.128141	60.651975	0.301040	3.264345	12.639271
2945	3115.302390	62.454188	0.465286	3.248586	12.860876
2947	3117.389371	60.388652	0.284142	3.263266	12.752974
2949	3119.476046	60.593145	0.346493	3.261393	12.947509
2951	3121.562994	60.296286	0.287258	3.263799	12.679749
2953	3123.650254	60.425566	0.278766	3.262505	12.191530
2957	3127.824760	61.940188	0.407720	3.243415	12.557729
2963	3134.085809	60.386098	0.346433	3.258655	12.680901
2973	3144.521745	60.327861	0.231509	3.258698	12.461398
2977	3148.696168	58.715155	0.172808	3.258105	12.032683
2987	3159.131346	59.953149	0.226335	3.256812	12.697096
2989	3161.218493	60.642913	0.378167	3.238360	12.814431
2991	3163.305254	61.286420	0.568662	3.252793	12.829012
3001	3173.740589	61.472603	0.385854	3.239159	12.390191
3003	3175.827534	59.925080	0.313177	3.252632	12.518869
3005	3177.914644	61.855947	0.347178	3.256791	12.634944
3007	3180.001845	59.134503	0.415215	3.237755	12.547766
3011	3184.176305	59.437783	0.244231	3.253836	12.257699
3013	3186.263494	61.902619	0.367012	3.235282	12.576930
3017	3190.437711	58.186573	0.489830	3.245103	12.325980
3019	3192.524924	63.709803	5.390052	3.253200	12.684753
3021	3194.611803	62.467142	0.406374	3.235236	13.021010
3023	3196.698858	60.323172	0.269243	3.253041	12.810127
3025	3198.785453	60.101868	0.243787	3.252600	12.844654
3027	3200.872862	59.955204	0.330280	3.249516	12.819055
3029	3202.959713	59.956273	0.286625	3.253276	12.459214
3031	3205.046863	59.819509	0.182734	3.250925	12.668864
3037	3211.308687	60.128752	0.429923	3.235102	12.800341
3039	3213.396249	61.472297	0.587921	3.246605	12.809380
3043	3217.570079	60.048377	0.278610	3.249774	12.755100
3045	3219.657372	62.938915	0.421293	3.237105	12.338913
3053	3228.005604	60.399315	0.441430	3.232857	12.562033
3055	3230.092638	60.475638	0.323347	3.249897	12.659799
3057	3232.180323	59.947964	0.421990	3.232064	12.311019
3059	3234.267231	59.923437	0.289509	3.248550	12.697105
3063	3238.441784	60.265584	0.384003	3.246036	12.950274
3065	3240.528534	60.334725	0.371926	3.245920	12.756187
3067	3242.615566	60.133456	0.314508	3.247871	12.655468
3069	3244.702465	59.863465	0.277468	3.247208	12.740049
3073	3248.877205	59.813856	0.397301	3.229763	12.710606
3075	3250.964080	60.985741	0.648430	3.243080	12.759181
3077	3253.051652	61.335961	-2.687379	3.264807	12.242057
3079	3255.138806	59.364669	0.386714	3.229452	12.679217
3085	3261.399709	60.129987	0.357271	3.242421	12.576045
3087	3263.486934	60.055049	0.590191	3.239431	12.968943
3091	3267.660771	59.517751	0.312122	3.243307	12.721385
3093	3269.747958	60.045758	0.318342	3.241110	12.484062
3095	3271.834762	54.782627	3.928798	3.243543	12.779027
3097	3273.922039	62.945326	0.366080	3.224855	12.764442
3099	3276.008555	59.996569	0.247073	3.242867	12.511614
3101	3278.095791	60.275788	0.250745	3.242519	13.024399
3103	3280.182676	60.229363	0.229369	3.241712	12.665716
3111	3288.531335	60.065758	0.217373	3.240250	12.794614
3113	3290.617778	60.641028	0.204805	3.239434	12.841102
3115	3292.705070	60.136147	0.278715	3.236932	13.013108
3117	3294.792148	60.247903	5.419849	3.238654	12.677109
3119	3296.879021	60.670386	0.272236	3.236819	12.800471
3121	3298.966175	59.952519	0.206548	3.238694	12.856892
3123	3301.053171	61.970190	0.322776	3.221476	12.697467
3125	3303.140395	56.698620	-2.180259	3.254280	12.436427
3137	3315.663482	60.305477	0.283680	3.234456	13.057413
3139	3317.750728	60.215391	0.227881	3.236578	12.747663
3141	3319.837536	58.333829	0.162957	3.235550	12.665282
3145	3324.012085	61.006127	0.342253	3.219690	12.363102
3147	3326.099417	59.459829	0.223472	3.235135	12.521205
3159	3338.622218	59.261745	0.494525	3.228236	12.518796
3161	3340.709361	61.696658	-2.539111	3.252760	12.398788
3163	3342.796357	60.093342	0.286529	3.231154	12.555555
3189	3369.927499	60.136773	0.275886	3.226090	12.612518
3191	3372.014593	62.375242	5.389516	3.227251	12.506863
3195	3376.188593	62.395483	0.363224	3.212995	12.883582
3199	3380.362265	60.755427	0.302284	3.209459	12.650675
3201	3382.449546	60.240591	0.215219	3.227995	12.680288
3207	3388.710789	60.398303	0.224673	3.226552	12.744921
3209	3390.798193	61.314967	0.319958	3.209542	12.584748
3211	3392.885444	60.485597	0.271597	3.224035	12.538144
3213	3394.972466	60.205526	0.214459	3.225689	12.778668
3215	3397.059241	59.634633	0.290045	3.222941	12.527345
3217	3399.146418	60.164615	0.277191	3.222430	12.982541
3223	3405.408272	61.540999	0.318817	3.207406	12.638126
3225	3407.495601	59.994726	0.237271	3.224312	12.522765
3229	3411.670203	61.321022	0.317670	3.204289	12.116447
3231	3413.757166	60.767410	0.546216	3.218743	12.535684
3233	3415.844176	59.893332	0.244671	3.223416	12.402656
3237	3420.018771	60.148929	0.242932	3.222578	12.623564
3241	3424.193369	61.540002	0.425798	3.205618	12.749058
3243	3426.280035	60.632279	0.580976	3.217790	12.735230
3245	3428.367126	61.757335	0.323614	3.223148	12.834239
3247	3430.454121	61.781424	0.371721	3.205667	13.033638
3249	3432.541089	59.608953	0.279937	3.222170	12.301863
3257	3440.889392	60.241540	0.267510	3.220160	12.984405
3265	3449.238118	59.876153	0.218811	3.218280	12.614700
3267	3451.324580	58.413563	0.358124	3.198240	12.829731
3269	3453.411776	60.954078	0.606480	3.215142	12.833400
3271	3455.498902	60.048267	0.267777	3.218529	12.994479
3273	3457.585839	60.128361	0.278689	3.217989	13.098451
3275	3459.672647	60.358273	0.291780	3.217779	13.005295
3277	3461.760266	60.060529	0.295094	3.217865	12.813679
3281	3465.934120	60.197520	0.312168	3.217950	12.574129
3283	3468.021543	60.094300	0.277610	3.216860	12.434134
3285	3470.108576	59.637010	0.336589	3.213875	12.634237
3287	3472.195871	59.588464	0.269565	3.216257	12.755613
3291	3476.370228	63.326314	0.362252	3.198779	12.866608
3293	3478.456763	61.214325	0.508430	3.210088	12.478089
3295	3480.543980	59.035899	0.260580	3.215851	12.773337
3297	3482.630991	60.081979	0.347228	3.211540	12.446982
3299	3484.718040	61.535183	0.566860	3.210560	12.721539
3301	3486.805511	40.356900	-0.935357	3.224838	12.738007
3303	3488.893005	58.273200	0.254152	3.213774	12.458095
3309	3495.154226	60.868300	0.397638	3.198064	12.772766
3313	3499.328548	61.889792	0.403212	3.195496	12.664243
3315	3501.415812	60.391552	0.306379	3.212970	12.017906
3317	3503.503195	60.004017	0.362451	3.210301	12.780094
3323	3509.763867	60.700110	0.303861	3.212444	12.662138
3325	3511.851186	62.112359	0.414997	3.195178	12.669329
3329	3516.025225	61.055745	0.333042	3.190919	12.639534
3333	3520.199688	61.321890	0.396985	3.192853	12.438039
3335	3522.286300	60.221882	0.342121	3.207984	12.740442
3337	3524.373400	59.645995	0.270488	3.209746	12.767333
3347	3534.810449	60.209954	0.388125	3.206610	12.530680
3349	3536.898079	60.364584	0.354788	3.207142	12.870606
3351	3538.984484	58.845603	0.512631	3.219032	13.132041
3353	3541.070973	59.641789	0.278228	3.207808	12.681742
3357	3545.245450	60.097441	0.346756	3.205792	12.117081
3359	3547.332969	72.672414	0.128575	3.218351	12.499810
3361	3549.419681	60.755591	0.417754	3.194987	12.440898
3365	3553.594080	60.516328	0.291652	3.206095	12.511555
3367	3555.680116	60.367600	0.370333	3.202919	12.704646
3369	3557.767549	60.344724	0.255822	3.204953	12.023085
3373	3561.941824	60.080515	0.349377	3.201893	12.383412
3375	3564.028563	61.385070	0.603184	3.200578	13.034340
3377	3566.115688	60.402105	0.336331	3.202131	12.606801
3379	3568.202703	61.400663	0.582391	3.199997	12.402639
3381	3570.289995	59.443859	0.583625	3.198797	12.755545
3393	3582.812682	61.254486	0.392359	3.186655	12.955297
3395	3584.899882	61.345536	-2.525427	3.226138	13.005071
3397	3586.987302	62.083386	0.384192	3.181423	12.607572
3399	3589.074456	60.275431	0.356105	3.200045	12.644646
3405	3595.335426	60.101699	0.300009	3.201068	12.656847
3415	3605.770675	61.190336	0.605149	3.196661	12.994234
3423	3614.119291	60.433645	0.293598	3.198826	12.642133
3427	3618.293357	60.185666	0.371047	3.196152	12.691045
3429	3620.380387	62.191230	0.611488	3.195575	12.469884
3431	3622.467225	60.772484	0.286012	3.197927	12.602043
3433	3624.555607	60.519934	0.266018	3.196936	12.588277
3439	3630.812233	62.042628	0.406642	3.191821	12.887648
3441	3632.899360	60.293308	0.605869	3.203950	12.701123
3447	3639.161544	59.865413	0.309649	3.207816	12.570813
3449	3641.247851	59.060180	0.231974	3.206195	12.288283
3451	3643.334386	59.704552	0.311933	3.207174	12.400925
3453	3645.422346	61.816402	0.349759	3.186026	12.666774
3455	3647.509174	59.086006	0.255762	3.205546	12.670693
3459	3651.683281	59.507878	0.279004	3.204935	12.946799
3461	3653.770069	61.791334	0.374339	3.188209	13.026714
3463	3655.856985	60.174009	0.306475	3.201741	12.975662
3465	3657.944435	60.489908	0.294148	3.201291	12.856063
3467	3660.031494	61.295636	0.555541	3.200746	12.459414
3469	3662.118762	67.454501	6.130878	3.202223	12.574481
3475	3668.379995	61.937685	0.269597	3.184046	12.624137
3481	3674.641595	59.903982	0.199783	3.201500	13.131561
3487	3680.902375	61.072694	0.364839	3.185662	12.719057
3489	3682.989048	60.223282	0.264187	3.197210	12.703767
3491	3685.076321	59.512985	0.124948	3.199396	13.032069
3497	3691.336914	62.211112	0.262735	3.179341	12.591499
3499	3693.424013	60.963654	0.896655	3.206459	12.423855
3501	3695.511088	63.878197	0.366131	3.186561	12.528081
3503	3697.598428	61.063927	0.192806	3.197701	12.459251
3505	3699.685779	60.245049	0.263927	3.195304	12.813306
3511	3705.946710	62.333746	0.321214	3.179994	12.829466
3513	3708.033800	60.175157	0.226502	3.197009	12.310764
3515	3710.120888	59.944038	0.259065	3.197297	12.576424
3517	3712.208387	61.664925	0.389529	3.181628	12.629512
3519	3714.295227	61.596967	0.587137	3.193293	13.070499
3521	3716.382272	60.759630	0.244454	3.195914	12.942017
3525	3720.556658	60.103411	0.283131	3.196446	13.014890
3529	3724.730728	59.136927	0.229515	3.195196	12.796408
3535	3730.991756	62.546542	0.395381	3.181138	12.686215
3537	3733.078673	60.979251	0.551450	3.189785	12.793528
3539	3735.165871	60.795170	0.510812	3.188512	12.609540
3541	3737.252809	62.199819	0.580679	3.189973	12.825402
3543	3739.340222	58.317454	-1.688886	3.209093	12.586824
3545	3741.427466	59.842495	0.263267	3.192819	12.581067
3555	3751.863977	59.332455	0.280116	3.172798	12.782319
3557	3753.950496	62.739223	6.189670	3.191116	13.317494
3561	3758.124654	60.753168	0.236008	3.187741	12.409801
3563	3760.211544	61.872311	0.499839	3.186618	12.263422
3565	3762.298477	60.214718	0.142563	3.189195	12.515104
3573	3770.646911	62.058545	0.210280	3.166933	12.966493
3577	3774.821046	60.369338	0.153219	3.187521	12.366056
3581	3778.994976	60.405677	0.254701	3.171481	12.952978
3583	3781.081728	61.515185	0.134579	3.185748	12.896686
3593	3791.516729	62.974774	0.281792	3.169115	12.363536
3595	3793.603921	59.916997	0.126167	3.183934	12.575342
3597	3795.690798	61.856858	0.276264	3.165475	12.643000
3599	3797.777702	53.099056	1.436571	3.194381	12.916043
3603	3801.951481	59.801061	0.187405	3.183545	12.870358
3607	3806.126208	60.351281	0.257588	3.165631	12.578453
3617	3816.561241	60.169783	0.201516	3.182088	13.370626
3621	3820.735574	61.711510	0.289582	3.161692	12.813542
3629	3829.083943	59.833521	0.239040	3.176259	12.248513
3631	3831.170863	60.614289	0.230268	3.179191	12.637984
3633	3833.257693	59.968417	0.213239	3.179587	12.524715
3635	3835.345254	59.590758	0.211018	3.179230	12.479693
3653	3854.129552	61.519876	0.283288	3.155894	12.959435
3655	3856.216541	60.033757	0.508681	3.171597	13.132836
3657	3858.303636	60.685927	0.521578	3.172357	12.941461
3659	3860.390712	61.064649	0.520962	3.172357	13.338941
3663	3864.564818	60.264688	0.245607	3.175660	13.050185
3665	3866.651860	60.208947	0.244711	3.175177	12.688726
3669	3870.826118	62.839573	0.362071	3.158088	12.639454
3671	3872.912460	53.511752	3.032741	3.180820	12.389727
3673	3874.999944	61.475544	0.361773	3.158648	12.542343
3675	3877.087173	59.939438	0.522326	3.168048	12.546166
3685	3887.522351	60.166528	0.261376	3.173136	12.707584
3687	3889.609383	61.044551	0.372452	3.156308	12.464794
3689	3891.696124	60.600592	0.244716	3.171154	12.828709
3691	3893.783563	60.095154	0.276163	3.172689	12.285139
3693	3895.870724	62.483538	0.341362	3.154838	12.600193
3695	3897.957907	61.944683	0.537960	3.167933	12.593099
3713	3916.741651	60.001687	0.212037	3.167986	12.292595
3717	3920.915841	60.093606	0.205850	3.167124	12.630149
3723	3927.177158	63.144566	0.262812	3.150451	12.558294
3725	3929.264039	67.105627	3.135052	3.166017	12.576253
3727	3931.351129	59.579797	0.182321	3.141712	12.749058
3731	3935.525404	59.815795	0.160177	3.165087	12.631978
3735	3939.699779	59.890020	0.173994	3.164681	12.715788
3737	3941.786375	61.830640	0.256194	3.145404	13.103796
3739	3943.873061	62.022562	0.465244	3.160451	13.000684
3743	3948.047203	62.175946	0.213584	3.140886	13.108260
3745	3950.134293	60.428954	0.187420	3.160132	12.393659
3747	3952.221274	63.923536	-1.717120	3.175781	12.380633
3749	3954.308337	59.398659	0.149106	3.162472	12.517517
3753	3958.482678	60.423729	0.207064	3.158653	12.754636
3755	3960.569221	60.818204	0.433294	3.157368	13.065470
3763	3968.917931	59.877117	0.141309	3.159458	12.599748
3765	3971.004899	62.656578	0.257174	3.142154	12.643722
3767	3973.091875	66.909551	-1.647878	3.175465	13.204546
3773	3979.353332	60.689589	0.148844	3.133794	12.681914
3775	3981.439863	59.339461	0.404550	3.152709	12.194302
3777	3983.527422	61.517487	-1.717685	3.174337	12.525481
3783	3989.788919	60.275265	0.199197	3.153822	12.779391
3789	3996.050904	59.983594	0.273917	3.153223	12.740568
3791	3998.137778	56.995711	1.420451	3.165912	12.362473
3793	4000.225066	59.501036	0.184447	3.155859	12.900988
3801	4008.574331	59.956185	0.208198	3.154210	12.646801
3807	4014.835454	60.394371	0.234763	3.150419	12.495175
3809	4016.922172	86.227093	5.893678	3.154943	13.049148
3813	4021.096234	59.941181	0.242497	3.149641	13.023232
3815	4023.183159	53.202049	1.561604	3.163361	12.802448
3821	4029.444260	59.777192	0.164568	3.150328	12.204337
3823	4031.531340	60.088964	0.213187	3.147603	12.841671
3827	4035.705105	61.671108	0.176932	3.126183	12.722999
3829	4037.793356	59.915622	0.123767	3.147895	12.504754
3837	4046.140085	64.750481	-1.688676	3.162532	12.690511
3845	4054.488710	61.962097	0.265677	3.128229	13.082897
3847	4056.575670	62.954274	0.512819	3.145116	12.749476
3851	4060.749741	59.702679	0.228389	3.147489	12.883431
3867	4077.446591	60.221819	0.233333	3.144425	12.624427
3869	4079.533677	62.208221	0.245426	3.123958	12.457724
3871	4081.620344	75.451148	-1.773117	3.157963	13.424547
3875	4085.793896	58.986783	0.238712	3.121134	12.309297
3883	4094.142990	58.862368	0.227938	3.119263	12.750584
3885	4096.229654	59.354403	-1.784303	3.153114	12.846647
3887	4098.316574	59.444341	0.212064	3.140822	12.837843
3893	4104.577378	59.983655	0.248414	3.137517	12.203855
3895	4106.664445	60.097604	0.163490	3.139423	12.590686
3897	4108.751258	59.984903	0.223026	3.137111	12.692611
3901	4112.925186	58.714099	0.196210	3.116637	13.176768
3903	4115.012004	70.447140	5.607487	3.142699	12.630944
3909	4121.273147	63.215572	0.242207	3.119817	12.546099
3911	4123.360152	60.252094	0.145598	3.136845	12.179977
3913	4125.447399	58.504290	0.186027	3.137214	12.700339
3919	4131.708610	62.329289	0.306244	3.119939	12.741556
3921	4133.795647	59.792351	0.156984	3.135680	12.878514
3923	4135.883631	60.119366	0.253106	3.116602	12.742009
3925	4137.970386	62.348627	0.513671	3.134298	12.800998
3927	4140.058114	63.081530	4.085213	3.144479	12.881299
3931	4144.233477	62.212414	0.284575	3.116104	12.669525
3937	4150.494116	60.660001	0.210709	3.133002	13.081368
3947	4160.929807	59.411884	0.250810	3.132559	12.856829
3949	4163.017218	60.043286	0.261988	3.133082	12.557644
3953	4167.191131	59.232358	0.270146	3.132323	12.520830
3955	4169.278574	60.215156	0.286639	3.129196	13.027780
3957	4171.365773	62.122517	0.476994	3.128002	12.876227
3959	4173.452696	61.566095	0.469552	3.126799	13.222356
3961	4175.539627	59.571047	0.184825	3.129651	12.724285
3965	4179.714472	62.023273	0.228804	3.108739	12.663353
3973	4188.062491	60.584505	0.235000	3.129022	12.670058
3983	4198.497829	60.134598	0.249962	3.128183	12.340201
3985	4200.584957	59.883351	0.258516	3.128468	12.734956
3991	4206.846307	60.627111	0.281933	3.124285	13.099584
3993	4208.932826	60.405811	0.198442	3.126082	12.922958
3997	4213.106708	60.036912	0.254879	3.123225	12.324589
3999	4215.194266	59.950078	0.151072	3.124846	12.320468
4001	4217.281320	60.419686	0.261427	3.106549	12.626773
4003	4219.368565	60.476561	0.227596	3.122276	12.855577
4005	4221.455027	61.869018	0.497709	3.121852	12.762870
4007	4223.542385	60.318372	0.180451	3.123717	13.036166
4019	4236.065042	60.449232	0.253775	3.120403	12.647261
4021	4238.151942	66.825843	-1.869714	3.140443	12.766136
4023	4240.238113	60.231514	0.240762	3.123245	12.631068
4033	4250.674348	62.109044	0.274568	3.104500	12.431797
4039	4256.935752	60.179139	0.237193	3.120993	13.269758
4043	4261.109419	61.000691	0.201907	3.096562	13.222237
4045	4263.196362	58.208209	-1.478050	3.137126	12.780189
4053	4271.544857	60.271593	0.113734	3.095189	12.925681
4061	4279.893290	60.055474	0.253900	3.114412	12.637436
4065	4284.067119	59.184707	0.222302	3.117560	12.416706
4067	4286.154411	60.163915	0.274626	3.114504	12.790115
4069	4288.240995	60.988616	0.194798	3.114967	13.112445
4073	4292.415127	59.299095	0.212661	3.114962	12.511114
4075	4294.502486	60.228679	0.211384	3.114957	12.678418
4083	4302.850052	60.820122	0.203220	3.092842	12.967786
4091	4311.198640	62.570397	0.240794	3.093031	12.966487
4093	4313.285645	61.309095	0.478027	3.108765	13.122673
4101	4321.634229	61.038312	0.239758	3.091043	12.711230
4103	4323.721466	63.272919	5.586932	3.116957	13.285468
4107	4327.895348	63.374586	0.255001	3.089851	12.615910
4109	4329.982633	80.086620	5.753509	3.113314	12.999307
4113	4334.156913	60.610445	0.254858	3.106613	12.692212
4119	4340.418441	61.480387	0.244083	3.089360	12.604190
4121	4342.505507	76.094447	-1.751938	3.117762	12.819818
4123	4344.592192	59.368565	0.233842	3.108313	12.490248
4125	4346.679114	59.275253	0.218463	3.108989	12.876307
4131	4352.940974	60.534951	0.172766	3.106738	12.942748
4135	4357.114932	59.446209	0.237555	3.106969	12.564320
4137	4359.202310	59.770012	0.223997	3.107198	12.473932
4141	4363.375904	60.139199	0.250427	3.102284	12.735630
4143	4365.463085	62.190988	0.431524	3.102379	12.797526
4147	4369.637154	60.179175	0.172227	3.104389	12.091252
4157	4380.071842	60.276709	0.212655	3.099755	12.233575
4159	4382.158800	59.999510	0.124053	3.101190	12.488094
4163	4386.332709	60.124049	0.201869	3.099242	12.558682
4165	4388.420249	60.746539	0.408747	3.097539	12.746815
4167	4390.507039	60.322406	0.117823	3.099594	12.480682
4169	4392.594533	60.022594	0.197349	3.097655	12.791199
4171	4394.681849	60.250956	0.431286	3.097595	12.659940
4173	4396.768637	75.666928	-0.799072	3.109627	12.720287
4175	4398.855769	64.223841	0.134121	3.077918	12.547629
4177	4400.942288	65.172964	-0.564742	3.113053	12.694222
4179	4403.029611	59.337944	0.153114	3.099162	12.763504
4183	4407.203694	59.455326	0.132330	3.097216	12.708429
4185	4409.290362	62.618756	0.129930	3.079059	12.628396
4187	4411.377651	61.127068	0.349733	3.092881	12.722654
4189	4413.464693	60.819892	0.369465	3.093985	12.309534
4193	4417.639058	59.303240	0.125826	3.097479	12.394462
4197	4421.813179	60.558206	0.158724	3.092961	12.751740
4199	4423.900061	59.907389	0.141768	3.092983	13.042648
4205	4430.161154	60.442068	0.122422	3.094359	12.506269
4213	4438.508877	60.894393	0.076201	3.069037	12.232610
4215	4440.595927	59.609804	0.056091	3.091097	12.401211
4217	4442.683104	60.103011	0.134047	3.073852	12.669031
4219	4444.769833	60.561665	0.096844	3.089802	12.893911
4223	4448.943788	61.234039	0.051840	3.070103	12.864419
4225	4451.030671	60.688833	0.036353	3.090019	12.853851
4227	4453.117833	62.520710	0.022228	3.067098	12.612316
4229	4455.204604	58.439131	-1.916224	3.109413	12.183512
4231	4457.292030	60.026041	0.079630	3.089404	12.285572
4233	4459.379099	60.261507	0.110429	3.086853	12.228217
4237	4463.553838	60.143899	0.073806	3.087565	12.687697
4239	4465.640958	61.469213	0.037006	3.067788	12.796052
4241	4467.727105	61.673919	-2.019051	3.106766	13.122352
4243	4469.814381	59.821642	0.099015	3.089100	12.272301
4247	4473.988754	62.603784	0.098915	3.067730	12.613711
4249	4476.076070	59.929128	0.053238	3.085748	12.204684
4251	4478.163700	60.370561	0.160429	3.084339	12.834786
4253	4480.250579	60.506502	0.112581	3.083447	12.843332
4257	4484.424133	60.579033	0.109960	3.082838	12.557075
4259	4486.511304	61.417420	0.341519	3.082145	12.847690
4261	4488.598945	60.156428	0.030422	3.084364	12.525589
4263	4490.686584	62.315267	0.018424	3.058250	13.016268
4269	4496.947543	59.971362	0.096585	3.084805	12.746685
4271	4499.034536	59.064268	0.082464	3.062434	12.460739
4273	4501.121692	59.957346	0.043616	3.082270	12.622019
4277	4505.295542	59.858071	0.094851	3.081893	12.290162
4279	4507.383152	62.641528	0.019810	3.054687	12.469940
4281	4509.469766	60.056539	0.029641	3.080231	12.601771
4283	4511.556651	59.947023	0.093982	3.082424	13.152771
4285	4513.643620	62.157478	0.093951	3.061379	12.811023
4287	4515.731013	60.175971	0.042832	3.079995	12.346419
4289	4517.818282	61.094886	0.070794	3.058794	12.309714
4291	4519.905160	60.304491	0.092623	3.078449	12.410615
4293	4521.992053	59.180279	0.410969	3.080535	12.457002
4295	4524.079045	61.394067	0.399977	3.078595	12.857211
4297	4526.166105	59.851666	0.053966	3.079721	13.024314
4301	4530.341083	59.921978	0.112325	3.078435	12.420836
4303	4532.427665	59.517669	0.102875	3.077417	12.889414
4305	4534.514519	63.131155	-0.727031	3.094711	12.998298
4309	4538.688388	62.691683	0.046339	3.051745	12.979842
4311	4540.775858	60.884780	-1.913950	3.095035	12.621503
4313	4542.862665	60.432989	0.134457	3.074730	12.420053
4315	4544.949735	61.057162	0.369389	3.074703	12.286883
4319	4549.124310	59.852458	0.122073	3.077243	12.365621
4323	4553.298674	59.883071	0.109170	3.074951	12.646961
4325	4555.385249	63.492772	0.024603	3.049503	12.757056
4333	4563.734047	60.402316	0.095224	3.074138	12.354676
4335	4565.820807	61.303741	0.069207	3.050982	12.359195
4337	4567.908218	55.074240	-2.044357	3.098034	12.432306
4341	4572.082415	62.059200	0.031325	3.047506	12.615840
4343	4574.168919	61.458771	-2.044271	3.091341	12.870848
4347	4578.342323	59.682916	0.110429	3.072162	12.576429
4351	4582.516769	64.365395	0.042762	3.048206	12.377473
4353	4584.603315	59.697069	0.011470	3.070146	12.555778
4357	4588.777403	60.344655	0.129268	3.067595	12.579501
4359	4590.864802	59.556718	0.043888	3.068610	12.882164
4361	4592.951945	61.617224	0.082598	3.049118	12.888185
4363	4595.038531	61.373431	0.355573	3.066482	12.590288
4365	4597.125612	61.823501	-2.106440	3.086389	12.836251
4367	4599.212622	60.212010	0.105860	3.068618	13.260379
4369	4601.299818	59.595871	0.112827	3.068098	12.728897
4375	4607.560503	62.337015	0.095531	3.045427	12.555995
4377	4609.647064	59.563621	0.045636	3.065967	12.888654
4387	4620.082993	60.277635	0.130085	3.063440	12.798526
4389	4622.169631	60.745567	0.052924	3.063508	12.383470
4395	4628.431107	60.164635	0.136446	3.061846	12.500892
4397	4630.518515	60.096125	0.062549	3.062980	12.446492
4401	4634.692277	59.087271	0.070268	3.043133	12.746940
4403	4636.779534	60.495739	0.111039	3.061482	12.804818
4407	4640.953404	58.709185	0.152467	3.062420	12.567762
4409	4643.040890	62.487939	0.083143	3.041528	12.504955
4415	4649.302274	61.443196	0.118650	3.041557	12.584520
4417	4651.389180	61.617572	0.364491	3.058622	12.723479
4419	4653.475813	61.552456	0.273882	3.057148	12.822747
4421	4655.563182	64.669413	-1.962612	3.075550	12.822485
4427	4661.824623	59.861998	0.104007	3.060014	12.529671
4431	4665.997848	60.570137	0.033109	3.040562	12.802582
4433	4668.085687	60.386698	0.074479	3.057140	12.860245
4441	4676.433931	59.999272	0.154698	3.055279	12.542360
4443	4678.520828	58.256149	-1.964214	3.078317	12.328236
4447	4682.695146	59.574287	0.135681	3.056646	12.692299
4449	4684.781551	62.156682	0.057742	3.031342	12.317919
4451	4686.868904	49.946260	2.670055	3.072810	12.745578
4453	4688.956090	63.995925	0.062734	3.032408	12.441779
4461	4697.304031	59.765377	0.106778	3.053888	12.950426
4465	4701.478635	62.998902	0.017713	3.027479	12.573300
4467	4703.565373	52.434823	2.283876	3.069514	12.622383
4469	4705.652516	62.139580	0.041061	3.032132	12.784199
4471	4707.739535	60.731291	0.089221	3.050052	12.925178
4473	4709.826483	59.819011	0.363953	3.050117	12.750787
4475	4711.913218	60.817429	0.103973	3.049303	12.644274
4477	4714.000650	59.883638	0.093829	3.048903	12.437462
4481	4718.174948	62.853841	-0.007936	3.026758	12.581379
4489	4726.522705	62.029102	-0.006366	3.028177	12.670549
4493	4730.697215	58.693098	0.020175	3.027657	12.516664
4495	4732.784069	67.090522	-2.505738	3.065709	12.863412
4497	4734.870695	62.304493	-0.042903	3.024629	12.699018
4499	4736.957607	60.532472	0.262276	3.044676	12.648314
4501	4739.044790	57.637222	0.381764	3.048256	12.314498
4507	4745.306439	59.072354	0.150954	3.046529	13.081087
4513	4751.567032	59.780713	0.012230	3.044523	11.449485
4515	4753.654573	60.566279	-0.004687	3.024824	12.977669
4517	4755.741479	61.942746	0.254412	3.039243	12.284799
4519	4757.828047	60.386204	0.013377	3.042667	12.674434
4521	4759.915063	58.280700	-1.939901	3.064282	12.764398
4523	4762.002295	61.950612	0.014826	3.022805	12.696761
4525	4764.089076	62.234169	-0.019657	3.040115	12.691981
4529	4768.263684	59.536435	0.065238	3.043524	12.734738
4531	4770.350333	62.903265	-0.011154	3.019659	12.426636
4533	4772.437497	60.145938	0.007998	3.040886	12.992840
4535	4774.524735	61.893116	-0.037852	3.019007	12.960457
4537	4776.611878	60.269420	0.223298	3.037571	12.637112
4539	4778.699028	60.491410	0.035956	3.038165	12.534886
4541	4780.786136	58.040682	-1.910523	3.060531	12.814887
4543	4782.873122	60.983302	-0.047570	3.016173	12.629176
4551	4791.221428	61.441275	-2.044691	3.055548	12.610157
4555	4795.395438	62.997045	-0.010068	3.011161	12.019579
4557	4797.482112	59.986301	0.361161	3.036802	12.655159
4559	4799.569090	61.436812	0.314402	3.034745	12.868959
4561	4801.656331	59.641662	0.036027	3.036305	12.580969
4563	4803.743646	59.150382	0.124310	3.038070	12.497192
4565	4805.830369	59.655956	0.111043	3.037563	12.523574
4569	4810.004779	60.289501	0.091476	3.018202	12.646629
4571	4812.091771	60.716743	0.301793	3.033859	12.949365
4573	4814.177881	59.428596	0.076206	3.035430	12.671148
4579	4820.439878	59.851226	0.091414	3.034491	12.579513
4583	4824.613579	60.332790	0.124883	3.031838	12.424726
4585	4826.700664	61.465658	-2.095836	3.052088	12.698314
4589	4830.875053	61.071264	-0.019444	3.007231	12.909109
4591	4832.961497	60.287492	0.074423	3.030225	12.625898
4593	4835.048593	59.880574	0.005633	3.031782	12.223758
4595	4837.135527	59.623491	0.055013	3.030911	12.794466
4601	4843.396515	59.807593	0.067752	3.030506	12.722736
4605	4847.571782	60.927091	-0.025823	3.006354	12.696109
4607	4849.658523	61.307117	-2.141533	3.046898	12.595083
4609	4851.745434	59.419115	0.066965	3.030199	12.845048
4611	4853.832471	60.097386	0.017047	3.029150	12.759326
4615	4858.006373	59.988990	0.084844	3.027319	12.524473
4625	4868.441748	59.098164	0.116198	3.026038	12.643703
4627	4870.529039	59.855658	0.032695	3.026725	12.301831
4631	4874.702935	60.207380	0.079932	3.026653	12.771578
4635	4878.877067	59.994136	0.093665	3.026121	12.898936
4639	4883.051375	58.917455	0.098921	3.023078	12.467680
4641	4885.138579	59.800203	0.091729	3.024956	12.736009
4643	4887.225724	60.085073	0.095965	3.022787	12.102605
4645	4889.312682	58.723265	-2.087208	3.045448	12.821197
4647	4891.399171	60.137286	0.079176	3.024239	12.610019
4653	4897.660793	55.196055	0.103330	3.005637	12.607062
4659	4903.922299	60.399021	0.048748	3.020747	12.672655
4661	4906.008573	55.968801	5.342675	3.025367	12.737166
4667	4912.270291	59.425488	0.127294	3.022588	12.665425
4669	4914.357033	60.044155	0.099678	3.020556	12.750988
4673	4918.532299	59.358245	0.148172	3.019795	12.409334
4679	4924.790223	62.081616	-0.017543	2.994578	13.229048
4689	4935.221625	60.153121	0.125910	3.018375	12.996779
4691	4937.309486	62.967019	-0.019409	2.993046	12.666295
4693	4939.396309	59.446377	-2.441755	3.040100	12.538977
4701	4947.743670	59.693497	0.113026	3.015401	13.384798
4707	4954.004493	59.600279	0.111661	3.015182	12.889771
4711	4958.179214	62.192216	0.029478	2.991126	13.154234
4715	4962.353156	60.828626	0.118235	3.013854	12.988623
4717	4964.440272	62.855267	0.028631	2.991213	12.981746
4719	4966.526971	60.687186	0.147403	3.012008	12.696976
4721	4968.614420	60.422553	0.160352	3.011763	12.647616
4723	4970.701338	60.600550	0.104867	3.012074	12.809445
4733	4981.136770	58.836014	0.111831	2.989076	12.898983
4737	4985.310978	62.458821	0.053212	2.987277	13.350479
4739	4987.397731	60.231413	0.297991	3.008994	12.683465
4741	4989.484677	61.042035	-2.364902	3.028585	12.954267
4743	4991.571715	59.637042	0.119585	3.009410	12.453502
4745	4993.659064	59.733498	0.148851	3.009255	12.758980
4747	4995.745906	60.126469	0.079870	3.008144	12.924663
4751	4999.920214	60.292056	0.153798	3.007795	13.149156
4753	5002.006970	60.681507	0.084429	3.007006	12.817590
4755	5004.094386	60.914100	0.194659	3.006757	12.740132
4757	5006.181087	60.933384	-2.296271	3.027581	12.450033
4759	5008.268204	60.194561	0.114125	3.007669	12.361235
4765	5014.530079	61.936657	0.054973	2.979664	12.884508
4767	5016.617161	62.396702	-2.728119	3.031352	13.391072
4773	5022.877778	60.787197	0.206285	3.004052	12.928874
4775	5024.965123	75.618100	2.874524	3.010002	12.999538
4777	5027.052170	60.465848	0.155864	3.005442	12.989756
4785	5035.400534	60.739885	0.215783	3.002918	13.325658
4787	5037.487822	60.974128	0.128898	3.002988	12.982096
4791	5041.661892	60.186769	0.173840	3.003260	13.068095
4793	5043.749127	59.528160	0.163583	3.002304	13.212838
4795	5045.836351	59.096677	0.160602	3.001723	12.709873
4797	5047.923054	60.737590	0.235425	3.000744	12.570068
4799	5050.009623	60.962237	0.369971	2.999698	12.938545
4801	5052.096740	61.090704	-2.285213	3.021554	12.581638
4803	5054.183905	59.717934	0.186778	3.001964	13.109226
4809	5060.444747	62.025824	0.161072	2.980396	12.994971
4811	5062.532314	61.193458	0.441214	2.997640	12.853836
4813	5064.619175	60.063629	0.232256	3.000836	12.747266
4815	5066.706451	61.891584	0.330157	2.996548	13.110479
4819	5070.880534	60.117343	0.259251	2.999478	12.869640
4821	5072.967435	60.865224	0.246168	2.998571	12.706103
4823	5075.054470	60.392328	0.199106	2.998421	12.773678
4825	5077.141863	60.578903	0.244823	2.999520	13.222960
4827	5079.228688	59.955079	0.194480	2.998787	13.263089
4829	5081.315807	61.715687	0.123648	2.976882	13.033802
4831	5083.402567	61.169513	-2.248508	3.018091	12.693526
4839	5091.751412	60.692110	0.253581	2.996515	13.061895
4841	5093.838767	54.132826	-2.670470	3.030022	12.716299
4843	5095.927854	62.901126	0.063746	2.974655	12.929843
4845	5098.013557	61.373216	-2.495805	3.016306	13.038809
4847	5100.101156	61.206735	0.217599	2.978264	12.904571
4853	5106.363188	63.282311	0.054103	2.971445	12.812331
4855	5108.449213	60.573748	0.184814	2.993921	13.045895
4857	5110.536225	59.682651	0.186366	2.994932	13.173479
4859	5112.623454	60.678565	0.110342	2.970864	12.518005
4861	5114.710762	59.555543	0.141841	2.993470	13.051302
4865	5118.884635	61.311973	0.079693	2.969831	12.789056
4867	5120.971645	61.114730	0.186734	2.991481	13.100100
4869	5123.058139	60.505991	0.192904	2.993049	12.494772
4871	5125.144909	61.697964	0.386123	2.991239	12.321900
4873	5127.231945	61.008290	0.213873	2.991288	12.823973
4875	5129.319180	58.203990	-2.436314	3.018173	13.146162
4885	5139.751936	60.416920	0.088908	3.031242	13.357873
4887	5141.839014	61.623193	1.241183	3.040425	12.907374
4889	5143.925813	60.491338	-0.207350	3.026175	13.059573
4891	5146.029688	61.018526	1.269612	3.008023	13.626999
4895	5150.186041	59.278933	0.094970	2.969041	12.311539
4905	5160.613942	60.545381	0.146165	2.981160	12.869101
4907	5162.700462	60.437444	0.059609	2.979738	12.650030
4909	5164.788113	62.675497	-0.006666	2.961113	12.425464
4911	5166.873743	60.752631	0.080082	2.982230	13.000118
4913	5168.960770	60.088538	0.099284	2.982041	12.369270
4919	5175.222143	60.714497	0.091452	2.980897	12.954804
4921	5177.309791	60.865326	0.149584	2.978619	12.884045
4923	5179.396852	61.258817	0.014243	2.977524	12.479049
4927	5183.571040	60.610251	0.136734	2.978168	12.200789
4929	5185.657739	70.673306	5.279882	2.973044	12.484968
4933	5189.831802	62.173706	0.041530	2.958022	12.633756
4935	5191.919042	61.595074	0.352100	2.976694	12.860843
4937	5194.006289	66.837070	5.343165	2.967190	13.129450
4939	5196.093090	59.366113	0.048337	2.981268	12.827235
4941	5198.180496	60.869822	0.166044	2.976690	12.693859
4943	5200.267606	61.279561	0.376427	2.976065	12.476859
4945	5202.354365	59.813352	0.071609	2.974491	12.717262
4947	5204.441258	60.621495	0.109179	2.976972	12.685296
4949	5206.528658	61.094745	0.170831	2.975105	12.532556
4951	5208.615517	61.231632	0.238045	2.974775	12.200568
4953	5210.702960	61.826481	0.333830	2.973020	12.723916
4955	5212.789966	75.122304	-2.970268	3.001121	13.092718
4957	5214.876846	61.215827	0.164469	2.973433	12.584142
4959	5216.963831	62.872797	0.455871	2.996767	12.847828
4961	5219.050876	63.430130	0.007036	2.952035	12.570550
4963	5221.137848	61.557983	0.333239	2.972524	12.812264
4965	5223.224919	60.894792	0.269865	2.971972	12.765295
4967	5225.311960	62.052887	0.033763	2.973143	12.638214
4971	5229.486430	60.143241	0.079212	2.974123	12.697658
4973	5231.573243	61.020049	0.135748	2.971462	12.792390
4975	5233.660211	60.222134	0.048304	2.972813	12.595775
4977	5235.747339	61.283333	-0.012800	2.968488	12.906856
4981	5239.921501	62.639184	-0.002814	2.954009	13.041559
4983	5242.008571	50.809569	4.241553	2.986021	12.412908
4985	5244.095571	61.263122	0.126156	2.969908	12.764623
4987	5246.182873	60.052460	0.351350	2.971901	12.705491
4989	5248.269865	74.382641	4.821269	2.986259	12.634377
4993	5252.444076	62.656215	0.004993	2.950799	12.553199
4995	5254.530770	61.854216	-0.024362	2.964781	12.886902
4999	5258.706525	62.621878	-0.021976	2.945885	13.205468
5001	5260.793291	83.805758	4.886362	2.979958	12.707885
5007	5267.054794	62.272404	-0.000812	2.948196	12.754797
5009	5269.141831	64.143474	-1.267897	2.983100	12.702515
5011	5271.228734	58.903082	0.005653	2.964521	12.749760
5013	5273.315330	60.462805	0.080702	2.967957	13.022075
5017	5277.489429	60.431041	0.006272	2.947094	13.067629
5021	5281.661789	63.617123	-0.051144	2.940554	12.897991
5023	5283.749479	61.046174	0.112618	2.965551	12.672533
5029	5290.010345	60.914978	0.124700	2.965039	12.530976
5031	5292.097297	60.737024	0.104201	2.964141	12.972117
5035	5296.272257	59.780993	0.080864	2.963084	12.112775
5037	5298.358819	61.923352	0.028039	2.942043	12.233577
5039	5300.445537	59.787244	0.377688	2.964222	12.526432
5041	5302.531802	60.914513	0.331014	2.960334	12.261781
5043	5304.618697	59.742245	0.112861	2.962991	12.570663
5045	5306.705160	60.511592	0.318710	2.960549	12.399064
5047	5308.791870	59.061453	0.133962	2.962122	12.085556
5049	5310.878069	58.739442	0.359280	2.963501	12.326674
5051	5312.964164	68.435218	5.270492	2.960456	12.354651
5053	5315.051378	58.817130	0.188792	2.961421	11.944200
5055	5317.138648	68.539306	-1.378838	2.979438	12.186318
5057	5319.224401	58.805313	0.207076	2.960201	11.831520
5059	5321.310832	58.394142	0.356011	2.960377	11.727059
5061	5323.397231	64.152295	-1.275290	2.977012	11.515146
5065	5327.570433	59.929152	0.059174	2.938656	12.072946
5069	5331.744421	57.598260	0.120531	2.941388	11.463037
5071	5333.829836	36.521293	5.835861	2.990011	11.789070
5073	5335.916831	57.448304	0.158235	2.959650	11.566761
5075	5338.003319	58.386677	0.269574	2.955395	11.621402
5077	5340.089346	51.392364	-1.313466	2.991361	11.585307
5079	5342.175890	56.410300	0.144587	2.959868	11.332502
5081	5344.262937	54.869990	0.100747	2.957610	11.293531
5087	5350.521372	57.083529	0.239650	2.956791	11.311672
5091	5354.694058	56.864754	0.151631	2.956318	10.992972
5095	5358.866276	56.045742	0.155171	2.955768	10.925809
5097	5360.953312	56.715522	0.216307	2.955833	11.214957
5099	5363.039901	63.343193	5.416285	2.950010	11.404406
5101	5365.126197	56.049310	0.149949	2.955587	11.023769
5105	5369.299415	54.252318	0.145855	2.954458	10.823965
5107	5371.385381	57.716689	0.108756	2.937283	10.825217
5111	5375.558305	56.439736	0.227119	2.953854	10.766975
5113	5377.644327	56.505121	0.264084	2.950793	10.821709
5115	5379.730535	56.210105	0.183866	2.954195	11.086541
5117	5381.817091	56.102923	0.230112	2.953022	11.031743
5119	5383.904046	56.471853	0.127971	2.951145	10.829324
5121	5385.990136	53.466169	0.156887	2.950622	10.591294
5123	5388.076386	54.829788	0.088398	2.951554	10.532269
5125	5390.162587	53.810818	0.097124	2.954045	10.422017
5127	5392.248926	58.194820	0.097125	2.930080	10.776965
5129	5394.335076	56.044177	0.265429	2.947811	10.602931
5131	5396.421735	58.721928	-2.014649	2.979272	10.820458
5133	5398.508476	55.820033	0.237304	2.950373	11.023890
5135	5400.594960	56.365677	0.304019	2.946685	10.681157
5137	5402.680670	54.585043	0.124649	2.948222	10.303116
5139	5404.767192	51.899615	0.105428	2.951748	10.889379
5143	5408.940514	57.728969	0.123262	2.932709	10.629766
5145	5411.026917	55.614089	0.232431	2.948500	10.431426
5151	5417.288458	54.826389	0.179016	2.948960	10.417908
5153	5419.375224	55.627817	0.258500	2.947850	10.387164
5155	5421.461102	55.614420	0.242498	2.947929	10.307713
5157	5423.547539	55.176242	-0.955780	2.969469	10.448137
5159	5425.634388	56.088681	0.161135	2.934274	10.695070
5161	5427.720642	55.053683	0.226720	2.947688	10.558325
5163	5429.807305	49.227499	-1.970264	2.989539	10.239608
5165	5431.893096	55.057994	0.137708	2.930009	10.496506
5167	5433.979137	55.286185	0.222297	2.945303	10.291854
5169	5436.066105	55.229905	0.197618	2.946637	11.082223
5171	5438.153367	53.141639	0.061154	2.950083	10.602987
5175	5442.325930	54.557070	0.233113	2.946098	10.114354
5179	5446.497540	54.446959	0.177944	2.944342	10.344642
5181	5448.584352	55.238733	0.167993	2.943765	10.260712
5185	5452.756084	55.080076	0.284856	2.942823	10.878301
5187	5454.840803	54.288009	0.199725	2.941789	10.506831
5191	5459.018095	54.615740	0.135494	2.942561	10.150932
5193	5461.103475	54.097981	0.176661	2.926110	9.940553
5195	5463.190144	54.862350	-0.857734	2.963756	10.278289
5197	5465.277689	55.266900	0.142556	2.923686	10.091828
5201	5469.449794	55.912079	0.160688	2.926925	10.046777
5203	5471.537487	53.447775	0.366880	2.942337	10.090761
5205	5473.623365	55.045188	0.226530	2.941123	9.876826
5207	5475.709473	55.445567	-0.835667	2.958326	10.051072
5209	5477.795740	54.861247	0.235189	2.940684	10.168881
5217	5486.141822	56.166525	0.122298	2.923496	10.572689
5219	5488.228170	61.828836	-2.427664	2.960893	10.012898
5227	5496.574341	54.134898	0.135881	2.935962	10.454732
5229	5498.660941	56.610975	0.127240	2.920813	10.363635
5231	5500.747110	54.685935	0.215219	2.937020	10.179903
5233	5502.833208	54.536512	0.192256	2.937757	9.653836
5237	5507.005682	55.665212	0.145583	2.920568	10.148829
5239	5509.092650	54.410955	0.203537	2.937740	10.503232
5241	5511.179448	55.197714	0.304734	2.935497	10.117129
5243	5513.265790	54.923559	0.361310	2.936281	9.934633
5245	5515.352700	53.541519	0.104781	2.935522	10.100737
5247	5517.438665	55.087688	0.183919	2.922788	9.911146
5249	5519.524989	54.150470	0.208841	2.933903	10.127978
5251	5521.611598	55.959834	0.116168	2.919437	9.945206
5253	5523.697201	54.351843	0.236471	2.935192	10.258745
5255	5525.782930	54.675662	0.288032	2.933952	10.296812
5257	5527.868942	54.175994	0.260072	2.934734	9.967476
5259	5529.955106	54.349516	4.643960	2.965458	10.298377
5267	5538.301817	53.771799	0.173987	2.932933	10.043604
5273	5544.560921	55.035366	0.165704	2.914525	10.518903
5275	5546.647328	53.136716	0.463459	2.935433	10.048892
5281	5552.907157	56.211695	0.147013	2.914501	9.557423
5283	5554.992922	54.992799	0.173309	2.928704	10.072055
5285	5557.079457	56.982450	0.111588	2.908965	10.104891
5287	5559.166303	52.990224	0.174628	2.927775	10.584323
5289	5561.252744	51.888846	0.143026	2.926466	9.798674
5291	5563.339025	53.922776	0.161278	2.927707	9.751973
5293	5565.425006	53.152368	0.088812	2.928923	10.064650
5295	5567.511541	53.009135	0.153225	2.928805	10.350871
5297	5569.598651	54.537550	0.266449	2.928294	10.103378
5299	5571.684566	56.008770	0.280843	2.925997	9.940393
5301	5573.770962	54.107133	0.160322	2.926459	9.886629
5305	5577.944087	55.704431	0.135886	2.910361	10.411531
5307	5580.030778	52.880907	0.409812	2.930457	10.023739
5309	5582.117092	54.378185	0.146070	2.924959	10.069663
5311	5584.203771	54.228517	0.235521	2.926645	9.903259
5313	5586.289838	49.682057	4.443630	2.932834	9.903492
5315	5588.376684	55.958242	0.121398	2.909249	9.968863
5317	5590.462945	54.274109	0.220271	2.926409	10.324553
5319	5592.551510	47.519436	-0.919728	2.963071	10.273343
5321	5594.638163	55.451698	0.142294	2.911171	10.009528
5323	5596.723925	54.461087	0.193641	2.924815	10.218044
5325	5598.810337	54.537925	0.264779	2.922322	9.462868
5327	5600.896611	55.476408	0.255501	2.920714	10.159999
5329	5602.983083	54.405916	0.214660	2.923731	9.915465
5331	5605.069991	52.941893	0.109128	2.922838	10.018369
5333	5607.156738	52.979275	0.130786	2.921003	9.962065
5335	5609.242174	54.360871	0.257187	2.922558	9.797762
5339	5613.415259	52.956119	0.166174	2.921860	10.111253
5341	5615.502695	54.233811	0.255208	2.922362	10.360495
5345	5619.676158	54.758070	0.138876	2.906329	10.106984
5347	5621.762595	53.944179	0.181435	2.920416	10.185590
5349	5623.848926	54.444901	0.174031	2.920120	9.879094
5351	5625.935520	53.948341	0.125275	2.920022	10.263062
5355	5630.107932	53.259859	0.143769	2.904816	10.299264
5357	5632.195280	53.835020	0.236492	2.921406	10.006698
5359	5634.281570	55.445736	0.260792	2.917062	10.002336
5361	5636.367581	54.156340	0.228985	2.920564	9.827763
5363	5638.454058	54.169857	0.309922	2.920544	10.072776
5365	5640.540579	56.446463	5.106124	2.918045	10.003621
5367	5642.627394	53.374489	0.162983	2.916739	9.993420
5369	5644.713753	53.743213	0.163166	2.917197	9.755503
5371	5646.799618	52.680125	0.132694	2.918025	10.050062
5373	5648.885964	54.083025	0.118638	2.918114	10.208066
5375	5650.972875	54.030180	0.232696	2.918197	10.022426
5377	5653.059044	54.236138	0.194518	2.917885	10.411110
5379	5655.145809	54.877996	0.069476	2.914655	9.886218
5381	5657.231713	55.809315	0.081311	2.897204	10.002660
5383	5659.318720	54.183085	0.151282	2.917618	9.654841
5385	5661.404816	53.956135	0.172837	2.916982	10.046863
5387	5663.491400	54.534309	0.247219	2.915241	10.089711
5389	5665.577608	54.244676	0.188726	2.915896	9.807954
5391	5667.664139	53.908969	0.180953	2.916118	9.660347
5393	5669.750328	54.489359	0.183257	2.914851	10.004001
5395	5671.837424	54.079406	0.176740	2.915528	10.114685
5397	5673.923326	52.660771	0.076289	2.909855	9.912095
5403	5680.182999	52.945494	0.088316	2.911731	9.972804
5405	5682.269591	55.976256	0.069729	2.895846	10.183995
5409	5686.442211	53.693468	0.133636	2.912179	10.365227
5423	5701.047699	55.749972	0.067550	2.898221	9.947828
5425	5703.134361	50.643275	-0.801161	2.938711	10.034271
5427	5705.220212	54.916747	0.050316	2.892341	10.014946
5429	5707.307275	54.205672	0.138599	2.909871	10.166573
5431	5709.394012	54.463387	0.218200	2.909286	10.091404
5433	5711.480442	55.239524	0.170330	2.906689	9.708733
5435	5713.565873	53.002974	0.055204	2.907732	9.878113
5437	5715.652750	54.255199	0.016858	2.904929	10.158356
5439	5717.739373	54.291602	0.167149	2.908143	10.023742
5441	5719.825688	53.100927	0.025875	2.904389	10.171755
5443	5721.912186	51.734476	0.038483	2.904034	10.006078
5445	5723.999299	54.181663	0.147742	2.907684	9.936242
5447	5726.084818	54.209441	0.128633	2.907560	10.051082
5449	5728.171331	54.079601	0.056128	2.908286	10.231975
5451	5730.259165	54.409936	0.197635	2.906909	9.895675
5453	5732.345715	62.568297	-2.612721	2.930911	10.259564
5457	5736.516266	53.178961	0.031829	2.905074	9.991827
5459	5738.602762	53.999090	0.144652	2.905500	10.214260
5461	5740.690406	54.126209	0.086314	2.906208	10.044196
5463	5742.776238	54.486792	0.026487	2.903136	9.647579
5467	5746.948398	55.168576	-0.048804	2.887817	10.370924
5469	5749.035394	53.277899	0.234418	2.906223	10.436279
5471	5751.121888	54.356423	0.146884	2.903450	9.915711
5473	5753.207565	47.154657	-1.023003	2.942515	10.381288
5475	5755.294004	54.177825	0.121509	2.903098	10.026114
5477	5757.380773	53.779593	0.229367	2.904442	10.214741
5479	5759.467511	55.331289	0.186258	2.901487	9.901679
5481	5761.554691	58.262314	-2.277590	2.928603	9.717685
5483	5763.639498	54.390143	0.011813	2.900705	10.027845
5485	5765.725869	53.860137	0.037079	2.900356	10.472367
5487	5767.814132	53.210272	-0.003607	2.898869	9.862528
5491	5771.987355	54.012432	0.080028	2.901234	9.987733
5493	5774.073647	55.163879	0.174578	2.898954	9.881036
5497	5778.247477	57.151214	0.006281	2.888037	10.220969
5499	5780.333360	54.369412	0.086302	2.897021	9.814792
5501	5782.420039	54.677419	-0.030976	2.894778	9.773533
5505	5786.591133	54.172672	0.113788	2.898424	10.086202
5507	5788.678835	54.410791	0.077369	2.900022	10.217043
5509	5790.765811	53.919044	0.059565	2.898104	10.230534
5511	5792.851347	54.011010	0.096392	2.896781	10.516258
5513	5794.938633	54.423667	0.068189	2.897286	9.908180
5521	5803.283391	54.163307	0.122820	2.897442	10.390083
5523	5805.370480	51.197181	3.134731	2.905292	10.399405
5531	5813.716198	54.220642	0.132057	2.895802	9.878566
5533	5815.801783	54.395887	0.189763	2.895494	9.875674
5535	5817.888123	54.943219	-0.044536	2.892470	10.215871
5537	5819.974898	54.225747	0.116233	2.895193	9.676791
5539	5822.061821	54.555154	0.008829	2.892103	9.918233
5543	5826.234152	54.408805	0.140414	2.893290	9.789255
5545	5828.320921	53.855289	0.005031	2.890457	9.816580
5547	5830.408140	54.114732	0.111653	2.892978	9.857686
5549	5832.494223	54.343074	0.170906	2.893139	10.259024
5551	5834.580495	54.262233	0.087651	2.892780	10.314078
5553	5836.667213	55.345658	0.178427	2.888039	9.726506
5557	5840.839631	53.465333	-0.015242	2.887527	9.960480
5559	5842.926006	55.775871	-0.031312	2.873665	9.863359
5561	5845.012076	66.855222	4.903469	2.885488	9.836367
5565	5849.185486	53.160296	-0.033465	2.873950	10.159715
5567	5851.272751	54.941462	0.098676	2.886214	10.429859
5569	5853.358073	54.226872	-0.042406	2.888129	9.993530
5571	5855.444704	53.833732	-0.026056	2.873339	10.011672
5575	5859.616733	42.755425	5.553682	2.904933	9.997787
5577	5861.702672	54.176875	-0.078689	2.874174	10.293983
5579	5863.788652	54.953941	0.094127	2.885659	9.950848
5581	5865.874398	19.065117	5.639658	3.005333	10.144030
5583	5867.961582	54.240103	0.065282	2.886710	9.834025
5585	5870.047844	52.685675	0.191480	2.892654	10.035510
5587	5872.134509	54.798017	-0.151769	2.882834	9.915063
5589	5874.221070	53.134836	-0.083988	2.883889	9.704147
5591	5876.306651	54.119213	0.042724	2.885941	9.976686
5593	5878.392879	53.707856	-0.009939	2.883319	10.043251
5595	5880.479624	54.383613	0.058348	2.885283	9.966929
5597	5882.566475	65.914001	4.725763	2.889629	9.867555
5599	5884.653010	54.003664	-0.090116	2.881515	9.723084
5605	5890.911377	52.799290	-0.049378	2.883740	10.286491
5607	5892.998529	54.559196	-0.059030	2.862492	9.823914
5609	5895.085068	52.743866	0.167162	2.888357	9.996550
5611	5897.171686	58.205796	-1.654642	2.906767	9.841784
5613	5899.257747	54.377863	0.108315	2.883193	9.772356
5619	5905.517137	55.269239	-0.039479	2.866055	9.737139
5621	5907.603847	55.132261	-0.039104	2.878127	10.200586
5623	5909.690016	53.830703	-0.069496	2.880006	10.476053
5625	5911.775894	52.630732	0.001068	2.878125	10.192263
5627	5913.862575	55.672896	-0.023351	2.866588	10.050258
5629	5915.949193	54.493413	0.141626	2.879882	9.723034
5633	5920.122691	54.145411	0.057074	2.880878	10.225851
5635	5922.208883	53.403408	-0.008840	2.877639	10.332085
5637	5924.294525	55.602556	-0.069142	2.858379	9.884742
5639	5926.382410	53.674528	0.042375	2.876906	9.781888
5641	5928.467696	54.295398	-0.036861	2.865911	9.731571
5643	5930.553827	54.216838	0.037832	2.878395	10.060864
5645	5932.641666	54.100416	0.065845	2.879817	9.950088
5647	5934.728984	52.243583	0.194355	2.884807	9.665142
5653	5940.988179	56.091080	-0.123441	2.859616	10.288046
5655	5943.075168	54.272423	0.036265	2.876565	9.847397
5657	5945.160885	47.786215	-0.384179	2.910887	9.747617
5659	5947.247498	55.291426	-0.055939	2.862505	10.465668
5661	5949.335306	54.070218	0.046466	2.876541	10.077354
5663	5951.422051	54.271762	-1.809737	2.899263	9.764574
5665	5953.506921	53.659061	-0.069675	2.874757	9.895511
5667	5955.594672	54.158278	0.065204	2.875425	10.285321
5669	5957.681772	54.904167	-0.011886	2.870549	10.454205
5671	5959.765725	54.444426	-0.085420	2.869994	9.686872
5675	5963.938747	53.694423	-0.088311	2.873517	9.935465
5683	5972.284513	54.471142	0.064049	2.876277	9.773911
5685	5974.371355	53.902738	0.159160	2.877396	10.426188
5691	5980.630814	54.350164	0.100299	2.875222	10.224287
5693	5982.716706	54.722537	0.146424	2.877599	10.063481
5695	5984.803831	54.462434	0.043469	2.872409	10.097156
5699	5988.977289	54.075262	-0.010440	2.872558	9.844886
5701	5991.064638	54.341862	0.095826	2.873397	9.698129
5703	5993.150508	54.216348	0.002983	2.872781	9.815790
5705	5995.235959	51.384025	-1.228059	2.910403	9.874501
5709	5999.409789	52.311091	-0.076861	2.870650	10.119365
5715	6005.669594	54.238590	0.029059	2.871516	9.893094
5717	6007.755423	54.280146	0.001113	2.869453	10.127662
5719	6009.841234	54.117953	-0.012776	2.871276	9.848048
5723	6014.013710	54.520357	0.048149	2.869302	10.255955
5727	6018.186051	53.617540	-0.000740	2.843845	10.139185
5729	6020.273474	54.395567	0.002117	2.867736	9.774844
5731	6022.359700	56.068177	-0.106972	2.851660	10.244757
5733	6024.446112	54.730146	0.067397	2.867938	10.756105
5735	6026.532496	54.272985	-0.087606	2.864963	10.113264
5737	6028.619141	53.563895	-0.075812	2.866310	9.931064
5741	6032.792051	57.095860	-0.022508	2.853541	9.949415
5743	6034.879004	54.460514	-0.136025	2.862300	10.433938
5745	6036.966087	54.212651	0.057475	2.867031	10.076270
5747	6039.051916	53.792770	-0.010524	2.867765	10.140704
5749	6041.138843	57.694349	-0.459017	2.879507	9.982784
5753	6045.311686	54.046978	0.027248	2.865850	9.775709
5755	6047.396845	53.951347	-0.501979	2.884339	9.814285
5757	6049.484123	53.944108	-0.089381	2.862533	10.214378
5759	6051.570530	52.796841	-0.089966	2.863781	10.412642
5765	6057.829340	55.656328	-0.123347	2.848636	10.102377
5767	6059.916379	53.861236	-0.034523	2.864660	10.403219
5769	6062.002591	50.387204	4.612423	2.869443	10.176402
5771	6064.089700	54.311871	0.018590	2.863094	10.132937
5773	6066.176238	54.082071	-0.049500	2.863681	9.681636
5775	6068.262276	54.202405	-0.027222	2.863250	10.145746
5777	6070.348815	54.203262	-0.010344	2.861801	10.093865
5783	6076.608430	54.322570	0.055295	2.861659	9.551605
5785	6078.694937	54.330930	-0.010757	2.861876	9.817985
5789	6082.867577	55.181167	-0.064269	2.845833	9.914636
5791	6084.953279	53.372827	0.156323	2.862841	9.944988
5793	6087.040730	51.470169	2.660165	2.885050	10.097223
5795	6089.127399	53.514594	-0.037910	2.858176	9.969675
5799	6093.300158	54.999007	-0.065701	2.844635	10.049613
5801	6095.386619	53.988431	0.036757	2.860582	10.128494
5803	6097.473313	55.041747	0.097222	2.857968	9.963491
5805	6099.559457	55.645494	0.031523	2.855192	9.947435
5807	6101.644893	54.235762	0.066677	2.859850	9.835799
5811	6105.818064	53.142284	-0.021495	2.845957	10.299207
5813	6107.905059	55.143218	0.101120	2.859526	10.253615
5815	6109.991328	54.102078	0.002507	2.854171	9.902133
5817	6112.077702	51.989900	-0.068478	2.851926	10.012312
5819	6114.164660	53.957821	-0.018728	2.837338	9.835078
5821	6116.249591	54.104046	-0.038244	2.854606	10.169313
5827	6122.510755	53.656945	-0.071537	2.838707	10.687576
5829	6124.596911	52.889097	0.272202	2.860403	10.136097
5831	6126.682409	54.152574	0.112338	2.855291	10.018199
5833	6128.768239	53.811257	0.121478	2.857435	9.891895
5835	6130.854657	53.034257	-0.056138	2.850757	10.103409
5837	6132.942434	56.869797	-0.081708	2.837006	10.028228
5841	6137.114171	53.772069	-0.007227	2.850583	10.311918
5843	6139.200853	53.271275	-0.068494	2.852373	10.058802
5847	6143.373214	53.300968	0.006428	2.838073	9.543616
5849	6145.459625	53.956096	-0.016105	2.848736	10.249506
5853	6149.632611	56.190131	-0.056622	2.837896	10.254942
5857	6153.804131	55.237178	-0.074503	2.833161	10.293663
5859	6155.891170	53.910228	0.093593	2.852624	9.655197
5861	6157.977252	54.372182	0.084669	2.851352	10.161805
5863	6160.063559	54.469198	0.111284	2.852597	9.779405
5865	6162.151095	54.991879	0.032168	2.848434	10.460606
5867	6164.238832	53.035124	-0.404125	2.869381	9.860782
5869	6166.325137	55.511324	-0.102438	2.837136	9.692393
5871	6168.411124	51.079814	3.897583	2.856701	10.242930
5873	6170.498403	55.300081	-0.119538	2.830966	9.911606
5875	6172.584067	53.940035	-0.093942	2.844426	9.996923
5877	6174.671182	55.851392	-0.018406	2.834280	9.903672
5879	6176.758232	54.773264	0.107247	2.849410	10.180750
5881	6178.844565	54.286268	-0.084698	2.844821	9.841770
5883	6180.930088	55.593336	-0.108984	2.830492	10.087430
5885	6183.016159	55.087214	0.076559	2.846990	9.876809
5891	6189.276306	54.272023	0.001877	2.847207	9.918514
5893	6191.362754	54.901036	-0.010349	2.843850	10.139850
5895	6193.448759	54.290553	0.011349	2.846783	10.009539
5897	6195.535387	53.835679	-0.064684	2.843069	9.942559
5899	6197.621367	55.555279	-0.079684	2.830923	10.046859
5901	6199.708258	54.351232	-0.086907	2.841037	10.137341
5907	6205.967521	54.237641	0.063702	2.844536	9.873437
5909	6208.054573	54.053350	0.049802	2.843682	9.849195
5917	6216.400984	56.152436	-0.125210	2.827743	9.814358
5919	6218.487349	70.102639	-2.886468	2.859227	10.026956
5921	6220.573191	51.621104	0.059759	2.830279	9.891473
5923	6222.658939	54.069422	-0.042414	2.843193	10.060906
5925	6224.745767	54.818914	0.027568	2.839496	9.937898
5927	6226.832022	54.728114	0.020711	2.840218	10.035545
5929	6228.917444	79.717649	4.298251	2.854316	10.084095
5933	6233.090826	53.465447	-0.094426	2.836960	10.111973
5935	6235.177455	52.898680	-0.123953	2.836047	9.882748
5937	6237.264081	53.764087	-0.108556	2.836493	10.144505
5939	6239.349169	54.131209	0.058001	2.840990	10.208531
5941	6241.435884	53.928993	-0.001546	2.840285	10.214249
5943	6243.522148	54.465307	0.035944	2.839459	10.067769
5945	6245.610767	53.731401	-0.139525	2.836877	9.842791
5949	6249.782734	53.668132	-0.147064	2.832356	10.264608
5951	6251.868884	54.754094	-0.098858	2.826340	10.349954
5953	6253.956503	62.810499	-2.711168	2.858580	10.371217
5957	6258.128197	54.607559	0.073011	2.838239	10.048158
5959	6260.214779	53.458156	-0.154050	2.836545	10.277317
5961	6262.301347	54.628370	-0.106549	2.824886	9.979414
5963	6264.387701	54.082837	0.438572	2.852800	10.136105
5969	6270.647100	54.056333	0.000728	2.834959	10.474027
5971	6272.732981	52.922990	-0.220761	2.838386	10.391492
5973	6274.819743	54.716458	-0.070654	2.825315	9.990711
5981	6283.164390	53.680935	-0.070320	2.830842	9.970885
5983	6285.250368	54.561548	-0.118985	2.818690	10.365953
5987	6289.423437	53.739481	-0.116512	2.829600	9.854920
5989	6291.509337	54.303729	-0.010086	2.833113	10.137247
5991	6293.595570	54.334252	0.014484	2.832895	10.096698
5995	6297.770154	62.098464	-2.852170	2.855492	10.465990
5997	6299.854730	53.558972	-0.118051	2.828009	10.728871
5999	6301.941555	54.141023	-0.248684	2.825277	9.863150
6003	6306.113574	56.390384	-0.072696	2.816852	9.993719
6005	6308.199841	53.020571	0.036394	2.831603	10.183309
6007	6310.286218	54.952056	0.025038	2.831775	10.139782
6009	6312.372591	55.295861	-0.012061	2.826380	10.277716
6011	6314.459484	53.334569	-0.085341	2.826943	10.017660
6017	6320.717695	56.274619	-0.086715	2.815281	9.965954
6019	6322.804403	54.979155	-0.011850	2.825235	9.870014
6021	6324.890475	54.080792	0.018191	2.829382	10.253499
6025	6329.063522	54.214368	0.028042	2.829577	9.893489
6027	6331.149455	62.917405	-2.859664	2.853203	10.247583
6031	6335.322292	54.839122	-0.089869	2.812890	10.198319
6033	6337.409009	55.464415	-0.006825	2.823651	9.958105
6035	6339.495284	74.580384	-0.896433	2.858990	10.258639
6037	6341.581748	53.490123	-0.104709	2.821739	10.094098
6039	6343.667583	54.090253	-0.174259	2.824109	9.885572
6041	6345.754052	53.836200	-0.108608	2.822375	10.080462
6043	6347.840406	53.614224	-0.093389	2.811185	10.107375
6045	6349.927699	53.661318	-0.123383	2.821317	10.045095
6049	6354.099474	57.369399	-0.068593	2.812156	10.196933
6051	6356.185726	55.880775	-0.025142	2.822429	10.377308
6053	6358.271825	53.835194	-0.100095	2.818676	10.397400
6055	6360.357975	52.998041	-0.162148	2.819507	10.111144
6057	6362.444615	56.041950	-0.105125	2.812391	9.847036
6059	6364.531226	54.662762	-0.086155	2.819525	10.133599
6061	6366.617086	62.527689	4.829113	2.818784	10.267641
6063	6368.703563	50.951570	-0.132547	2.819163	10.143900
6065	6370.790104	52.763359	-0.147745	2.816657	10.551352
6067	6372.876437	56.215826	-0.106717	2.813588	10.215256
6069	6374.962581	55.330009	-0.042530	2.820517	10.379059
6075	6381.221809	56.394326	-0.129439	2.805942	10.564413
6077	6383.307986	55.713573	-0.039301	2.816469	9.803547
6079	6385.394438	53.288440	-0.074366	2.818935	10.034777
6081	6387.480672	56.630991	-0.037484	2.818101	10.008158
6083	6389.567112	54.929231	-0.098590	2.815623	9.924307
6085	6391.653386	54.835883	-0.070814	2.818139	9.877004
6093	6399.998518	55.658219	-0.154260	2.806887	10.306057
6095	6402.085258	44.436526	4.443672	2.846916	10.308336
6097	6404.171383	55.646365	-0.153756	2.805022	10.074270
6103	6410.430783	55.407117	-0.142883	2.806464	10.060154
6105	6412.517666	54.140432	-0.122088	2.818675	10.054689
6107	6414.603894	54.112205	-0.025658	2.815511	9.902524
6113	6420.862202	54.284192	-0.156299	2.812393	10.164856
6117	6425.033714	54.758815	-0.118691	2.802267	10.199775
6119	6427.119074	54.999273	-0.071552	2.813979	10.139430
6121	6429.204397	54.185473	-1.528264	2.835394	10.360743
6125	6433.377328	57.079568	-0.096259	2.803626	10.291713
6129	6437.551575	54.692788	-0.221309	2.798566	9.928166
6131	6439.638463	54.097052	-0.195160	2.829244	10.228862
6135	6443.812164	53.941003	-0.074861	2.814032	10.049734
6137	6445.898675	54.514272	-0.124028	2.808816	10.100203
6139	6447.984948	54.036666	-0.072534	2.812541	10.072860
6141	6450.073430	55.352155	-0.108853	2.808289	10.166882
6143	6452.157263	55.153550	-0.116505	2.806538	9.824288
6145	6454.246166	52.812862	-0.143829	2.806762	9.713690
6147	6456.333152	54.042650	-0.128603	2.808369	10.013676
6149	6458.418753	53.402861	-0.172460	2.806464	9.762807
6151	6460.505152	53.767325	-0.241340	2.806284	10.216986
6153	6462.591431	54.571339	-0.207687	2.804604	10.029317
6155	6464.677668	54.365900	-0.179015	2.806813	10.517804
6159	6468.850382	54.914201	-0.144786	2.799763	10.038991
6161	6470.937195	53.585687	-0.137800	2.806386	9.953009
6165	6475.108699	52.630671	-0.164704	2.802688	10.194025
6167	6477.195027	54.394502	-0.147844	2.796147	10.009376
6169	6479.281447	55.250863	-0.215815	2.800855	9.820246
6171	6481.367885	54.011931	-0.061442	2.809620	10.294892
6173	6483.454375	53.743425	-0.131213	2.804700	9.823193
6175	6485.541117	54.079806	-0.020221	2.808461	10.056453
6181	6491.800380	53.721940	-0.172818	2.801455	9.783125
6183	6493.886599	54.919699	-0.147927	2.797019	9.659219
6185	6495.972979	53.820439	-0.153303	2.803042	9.886932
6187	6498.059422	53.356237	-0.195580	2.802498	10.126174
6189	6500.145847	55.088740	-0.132882	2.795599	9.936000
6191	6502.232205	53.639589	-0.041301	2.826951	10.263330
6193	6504.318278	56.316606	-0.103779	2.796861	10.110787
6195	6506.404978	53.587223	-0.066876	2.803930	9.972676
6197	6508.490782	55.157658	-0.032786	2.805165	10.282759
6205	6516.836280	54.493242	-0.179010	2.793334	10.361342
6207	6518.922968	54.161138	-0.086944	2.804030	10.239746
6209	6521.008784	53.855835	-0.082196	2.803990	10.557422
6211	6523.095527	53.916358	-0.105373	2.804241	10.305322
6215	6527.268406	57.114466	-0.149452	2.791437	9.597744
6217	6529.353522	54.073729	-0.086703	2.802794	10.148160
6219	6531.440036	54.371505	-0.106038	2.802744	10.193357
6221	6533.526159	53.933899	-0.113945	2.803520	9.800291
6223	6535.612545	54.075323	-0.057808	2.801951	10.016027
6227	6539.785936	52.708824	-0.137370	2.792374	9.994781
6229	6541.871728	51.566917	-0.027792	2.800916	10.325569
6231	6543.958121	53.821008	-0.094483	2.802460	10.311846
6233	6546.044893	53.871291	-0.083048	2.801355	9.965641
6235	6548.131154	55.084815	-0.233237	2.794474	10.321046
6237	6550.217804	54.991776	-0.167186	2.786902	10.308115
6239	6552.303331	53.424637	-0.108115	2.798785	10.095446
6241	6554.389861	53.848041	-0.107816	2.799465	10.070686
6243	6556.476917	53.777451	0.215650	2.814913	10.082283
6245	6558.563103	53.640193	-0.308344	2.791921	10.231961
6247	6560.648527	54.094064	-0.120579	2.798555	9.879362
6251	6564.820819	55.791328	-0.270436	2.781403	9.652892
6253	6566.907495	54.017969	-0.141418	2.796899	9.833501
6257	6571.080356	54.984987	-0.224892	2.783073	10.163827
6259	6573.166580	53.079256	-0.286190	2.793268	9.682616
6261	6575.254006	53.014081	-0.207125	2.784622	10.032264
6263	6577.339174	53.739118	-0.103851	2.792260	10.037197
6265	6579.426063	53.706703	-0.334518	2.791425	10.089534
6267	6581.511460	51.076972	-0.362770	2.784123	9.762140
6269	6583.597869	54.482982	-0.214696	2.784148	10.084671
6273	6587.771307	53.988485	-0.150087	2.794812	9.920827
6275	6589.858244	55.207102	-0.186572	2.794304	10.381848
6279	6594.029910	55.679856	-0.274638	2.777521	9.979789
6283	6598.202045	52.494005	-0.349658	2.785528	10.148554
6287	6602.374967	53.794010	-0.273623	2.793055	10.156814
6289	6604.461895	53.172993	-0.319029	2.784557	9.786469
6291	6606.547465	52.936011	-0.392105	2.787337	10.409102
6297	6612.806181	54.803412	-0.310875	2.779475	9.507544
6299	6614.890174	53.582946	-0.243560	2.791214	10.410152
6301	6616.978175	54.001793	-0.238310	2.790724	9.787182
6303	6619.064641	52.958024	-0.337582	2.787665	10.081982
6305	6621.151124	54.008586	-0.204063	2.789685	10.128276
6307	6623.237570	54.374081	-0.296815	2.787153	10.374784
6309	6625.323756	50.155124	-0.258213	2.816484	9.942755
6311	6627.410054	57.427823	-0.299678	2.775149	9.808844
6313	6629.496699	54.081119	-0.241227	2.788842	9.892964
6315	6631.583020	59.101717	4.433711	2.794564	9.948693
6317	6633.668430	53.864963	-0.173229	2.788633	10.132786
6319	6635.755185	53.971499	-0.214688	2.788341	9.967515
6321	6637.841722	53.959835	-0.309739	2.785025	9.748726
6325	6642.014144	53.472129	-0.335670	2.780814	10.054415
6327	6644.100384	54.123060	-0.197720	2.787221	10.043033
6329	6646.187231	53.162066	-0.220561	2.788283	10.050927
6331	6648.272711	54.857998	-0.253538	2.784821	9.984192
6333	6650.358862	52.551019	-0.108368	2.787845	9.853890
6337	6654.531889	54.726909	-0.298610	2.774438	10.022029
6339	6656.618297	53.905824	-0.212957	2.785704	10.154363
6343	6660.790479	54.647697	-0.300067	2.774956	9.881246
6345	6662.876966	17.004173	6.371211	2.943123	10.072611
6349	6667.050324	53.524121	-0.317138	2.778310	10.333989
6351	6669.137033	53.521427	-0.247810	2.786275	9.762709
6353	6671.223527	53.793019	-0.220107	2.784417	9.990919
6355	6673.309516	53.848316	-0.616298	2.798827	9.996884
6357	6675.394860	54.977436	-0.235641	2.775438	10.300463
6361	6679.568382	54.045920	-0.184745	2.783391	9.682801
6365	6683.742381	54.834111	-0.260873	2.768737	9.911571
6367	6685.829460	54.123792	-0.340119	2.773835	9.869539
6369	6687.914244	52.881201	-0.303522	2.774109	9.710935
6371	6690.000679	51.795221	-0.370378	2.770972	10.131618
6373	6692.087592	53.949819	-0.171432	2.781875	10.143075
6375	6694.174121	53.796232	-0.239614	2.777315	9.938543
6377	6696.260232	52.686123	-0.334004	2.772293	9.901047
6379	6698.346485	54.799565	-0.261960	2.771674	10.029581
6381	6700.433172	53.367400	-0.246329	2.778742	10.211497
6383	6702.519071	53.849470	-0.263062	2.781344	10.144882
6385	6704.605162	53.739077	-0.259673	2.773928	10.123765
6387	6706.691695	53.915972	-0.188651	2.780043	9.985355
6389	6708.778431	53.943744	-0.185191	2.779489	9.924379
6391	6710.864675	56.035307	-0.177268	2.774763	9.877376
6395	6715.037049	56.539444	-0.191889	2.771610	10.044458
6397	6717.124049	50.855384	-0.040535	2.788965	10.089433
6405	6725.469058	55.375960	-0.260575	2.761991	10.223029
6407	6727.555590	53.855206	-0.185720	2.777221	10.142509
6409	6729.641888	53.561213	-0.264340	2.770424	10.193626
6411	6731.729012	54.084515	-0.203491	2.776540	10.037203
6413	6733.813443	28.703685	5.854462	2.822332	9.258069
6415	6735.899292	54.848916	-0.279011	2.763080	9.766973
6417	6737.985224	54.485056	-0.265297	2.771863	10.043396
6419	6740.070645	53.584468	-0.302508	2.771220	9.643942
6421	6742.155628	54.488755	-0.317953	2.759207	10.055508
6423	6744.242110	53.403752	-0.231509	2.774458	10.382722
6425	6746.328663	55.583811	-0.192743	2.773791	9.948621
6429	6750.501412	54.990961	-0.312073	2.763320	10.255542
6431	6752.587528	53.279762	-0.306980	2.767161	9.341693
6433	6754.672874	53.947894	-0.211942	2.774392	10.220583
6435	6756.760169	54.444886	-0.203199	2.769960	10.138942
6437	6758.846366	54.333306	-0.235861	2.771480	10.049103
6439	6760.933015	54.005545	-0.197457	2.772739	10.300822
6443	6765.105303	53.114736	-0.277242	2.764526	9.856495
6447	6769.278402	56.766431	-0.248583	2.762960	10.220773
6449	6771.364330	54.175444	-0.263832	2.767709	9.990745
6451	6773.451028	58.071519	-0.254024	2.763937	9.877712
6453	6775.537297	54.204191	-0.155939	2.769958	10.289990
6457	6779.710147	55.179959	-0.304563	2.760476	9.814842
6459	6781.796538	53.882866	-0.262509	2.766116	10.005445
6461	6783.883060	52.574813	-0.324315	2.762862	10.011208
6463	6785.969553	54.434529	-0.304375	2.755296	10.167732
6465	6788.055724	53.924979	-0.283325	2.762433	10.000688
6469	6792.229065	53.987305	-0.182124	2.768747	10.184281
6471	6794.315597	53.806663	-0.155891	2.786579	10.013253
6473	6796.402377	51.718354	-0.151344	2.762930	9.935523
6475	6798.488034	53.894753	-0.187302	2.765525	10.091016
6481	6804.748348	55.718369	-0.252197	2.757204	9.834877
6483	6806.834549	53.803929	-0.307615	2.756539	10.145266
6485	6808.920368	50.243711	-0.422705	2.753982	9.908044
6487	6811.007576	53.850001	-0.144163	2.766878	10.082738
6489	6813.094033	54.616354	-0.344709	2.758876	9.308311
6491	6815.179905	54.203479	-0.118350	2.765385	9.748147
6493	6817.267062	55.353507	4.218659	2.770994	9.820837
6497	6821.439512	55.440983	-0.288935	2.752936	9.912459
6499	6823.526186	54.797968	-0.161863	2.764860	10.313302
6503	6827.699944	54.955748	-0.266955	2.757008	9.946072
6505	6829.786044	54.038056	-0.179497	2.764344	9.947796
6507	6831.872599	52.954201	-0.264667	2.755967	10.179379
6511	6836.045373	53.500444	-0.309145	2.759331	10.291550
6513	6838.132040	54.136232	-0.116202	2.763046	9.679611
6515	6840.218285	54.414085	-0.172675	2.765664	9.906681
6517	6842.304703	53.844346	-0.112859	2.761949	9.839715
6519	6844.390944	54.113077	-0.170391	2.763052	9.887180
6521	6846.477708	52.443093	4.076286	2.793700	10.234008
6523	6848.564179	53.885945	-0.300345	2.755786	9.844950
6525	6850.651241	55.387449	-0.272774	2.750087	9.956509
6527	6852.737680	53.789809	-0.260351	2.752126	10.056612
6529	6854.823590	55.484496	-0.303038	2.750885	10.096694
6531	6856.909979	54.389402	-0.194883	2.761010	10.169545
6533	6858.995998	54.744232	-0.197368	2.758872	9.833739
6535	6861.082718	54.212507	-0.172876	2.759961	10.356772
6537	6863.168832	54.546632	0.002554	2.775709	10.233300
6541	6867.341280	54.266302	-0.091499	2.758708	10.407645
6543	6869.428050	53.948722	-0.282865	2.750409	9.855906
6545	6871.514335	53.614058	-0.253005	2.752814	10.098235
6547	6873.600574	54.081508	-0.134154	2.758708	10.219441
6549	6875.687430	53.696236	0.066833	2.773590	10.032016
6551	6877.774043	51.817480	-0.305840	2.748298	9.880951
6553	6879.860128	56.068658	-0.285546	2.745261	9.940109
6555	6881.946180	54.277381	-0.154642	2.757654	10.032569
6557	6884.032827	54.056810	-0.165493	2.757855	10.054961
6559	6886.119942	54.788069	-0.285964	2.750792	10.099245
6561	6888.205688	56.336104	-0.254846	2.750949	9.703728
6565	6892.379067	53.391819	-0.239904	2.759364	9.840174
6567	6894.465160	53.950027	-0.217949	2.757148	10.371717
6569	6896.551229	55.233635	-0.113345	2.759567	9.892013
6571	6898.637999	54.831318	-0.171940	2.755408	9.702385
6573	6900.724776	54.098893	-0.223573	2.756755	9.975992
6575	6902.810704	54.531271	-0.235524	2.754019	10.011064
6577	6904.898063	54.113467	-0.196490	2.755967	9.918767
6579	6906.984847	54.638809	-0.179078	2.755381	9.994674
6581	6909.071321	54.828367	-0.332920	2.749701	10.093428
6583	6911.157512	53.670388	-0.613466	2.746793	10.141534
6585	6913.243714	54.214995	-0.165005	2.754160	10.206656
6587	6915.330890	54.270177	-0.186963	2.754095	10.425503
6589	6917.415505	54.043876	-0.541646	2.768110	9.872925
6595	6923.676230	56.426219	-0.331901	2.738576	10.036476
6597	6925.761937	53.521028	-0.338712	2.748128	9.971503
6599	6927.848100	53.276825	-0.289049	2.742181	10.066131
6603	6932.021182	55.648820	-0.382576	2.741148	9.751316
6605	6934.107067	54.282900	-0.269765	2.750381	10.199788
6607	6936.193940	54.503620	-0.409279	2.744933	10.201541
6609	6938.280418	54.071726	-0.264182	2.751065	10.249883
6611	6940.366850	54.190606	-0.309653	2.749787	10.429675
6613	6942.453531	53.806747	-0.403162	2.742386	9.831927
6619	6948.712422	55.382954	-0.431597	2.739203	10.147351
6621	6950.799307	53.901686	-0.179573	2.766919	10.166002
6623	6952.885912	54.357321	-0.519426	2.752469	10.050697
6625	6954.971929	54.234075	-0.360930	2.748570	9.951713
6627	6957.059181	53.800258	-0.397923	2.740887	10.026983
6629	6959.144918	53.685315	-0.472639	2.742839	9.937596
6631	6961.231820	53.847454	-0.312966	2.747604	10.387288
6633	6963.318420	54.151438	-0.413552	2.749092	10.293724
6637	6967.491037	54.254801	-0.276359	2.747003	9.882488
6639	6969.578416	54.142621	-0.415420	2.739225	10.003576
6641	6971.662922	54.201193	-0.263439	2.746098	9.943895
6643	6973.749437	54.544002	-0.285206	2.747055	10.107930
6645	6975.835737	54.336068	-0.405631	2.739110	9.928232
6647	6977.922596	55.312791	-0.425976	2.735342	10.129957
6649	6980.009099	54.431480	-0.421687	2.739390	10.251004
6651	6982.094884	54.177980	-0.270507	2.744976	10.133009
6653	6984.181294	53.601263	-0.413142	2.736268	9.955167
6655	6986.267777	54.800342	-0.464621	2.738227	9.879117
6659	6990.440839	53.153853	-0.492913	2.735984	10.151972
6661	6992.527038	53.826871	-0.473002	2.734292	10.011676
6663	6994.614289	53.470777	-0.426639	2.735986	9.811957
6665	6996.700109	55.726856	-0.402188	2.731067	10.164948
6669	7000.873620	52.914791	-0.453532	2.734224	10.452711
6675	7007.132421	55.793772	-0.439047	2.728170	10.367819
6677	7009.219317	53.596084	-0.404874	2.733623	10.213319
6679	7011.306234	55.002706	-0.406717	2.729351	10.038003
6681	7013.393004	54.479535	-0.403631	2.731805	10.054808
6683	7015.479138	55.871579	-0.432731	2.727143	9.943678
6691	7023.825122	54.198310	-0.261258	2.739027	9.980906
6693	7025.910529	54.152906	-0.285739	2.738248	10.026129
6695	7027.997304	54.367512	-0.299192	2.738376	10.344118
6697	7030.083439	54.175927	-0.339165	2.738703	10.216072
6699	7032.169584	54.160354	-0.331786	2.739279	10.088573
6701	7034.255964	54.923981	-0.347571	2.735830	10.206718
6703	7036.342363	54.237121	-0.313616	2.737714	10.052984
6705	7038.428912	52.626950	4.139210	2.745696	9.987790
6707	7040.514756	54.251947	-0.251927	2.737267	10.337540
6709	7042.601212	55.319120	-0.339761	2.735269	9.645007
6713	7046.774213	53.631008	-0.421354	2.727745	10.206130
6717	7050.948489	54.137736	-0.386216	2.729283	9.783753
6727	7061.381364	54.147458	-0.275634	2.735240	9.959459
6729	7063.468388	54.028632	-0.366060	2.735545	10.054491
6731	7065.553723	54.082040	-0.396015	2.724530	9.964685
6735	7069.725074	52.918355	-0.329099	2.722627	9.881879
6739	7073.899255	54.100787	-0.296888	2.733090	10.100454
6741	7075.985268	54.995521	-0.310308	2.732668	10.038110
6743	7078.071765	54.048669	-0.356336	2.733104	9.930822
6745	7080.158650	55.029704	-0.474543	2.724856	10.295670
6747	7082.244635	54.739352	-0.466570	2.714200	10.216540
6749	7084.330596	54.395661	-0.347619	2.730700	9.712998
6751	7086.418309	54.057235	-0.362437	2.731014	10.122854
6753	7088.504052	54.895843	-0.357491	2.729162	10.023349
6755	7090.590106	54.145301	-0.439280	2.731836	10.141671
6757	7092.676142	54.540461	-0.429189	2.722224	9.849082
