num crossings	time (s)	maj axis (mm)	min axis (mm)	theta (rad )	slope (V/s)
6349	6606.139461	53.845048	-0.207045	4.664926	12.642715
6351	6608.211892	54.740439	0.135284	4.651883	12.721720
6353	6610.284193	54.683964	0.135378	4.649868	12.815986
6355	6612.356884	56.244244	-6.951699	4.645645	12.485302
6361	6618.573061	52.603515	0.212361	4.676918	12.399555
6363	6620.646233	56.076999	-6.973994	4.645361	12.204595
6365	6622.718464	53.848063	0.149168	4.673664	12.319245
6367	6624.791187	53.845173	-0.160187	4.665134	12.698526
6371	6628.935680	55.618722	0.422314	4.642557	12.429990
6373	6631.008001	54.710436	0.272211	4.650290	12.031160
6375	6633.080227	55.806377	-0.027207	4.634491	12.605029
6377	6635.152504	55.043317	0.365163	4.641004	12.174895
6385	6643.442238	53.163285	0.195881	4.678573	12.613445
6387	6645.514537	54.042324	-0.057362	4.665346	12.318746
6389	6647.586762	54.516775	0.116372	4.650369	12.524365
6391	6649.659083	54.427187	0.154363	4.649945	12.087196
6393	6651.731384	54.914405	-6.896418	4.645355	12.213863
6395	6653.803799	54.697645	0.292517	4.649414	12.431927
6397	6655.876481	55.707868	-0.014220	4.633346	12.783516
6399	6657.948736	53.165339	0.187368	4.676675	12.773216
6401	6660.021105	55.488353	0.000523	4.632949	12.218988
6403	6662.093549	54.648416	0.326860	4.639459	12.280266
6405	6664.164372	53.322579	0.204668	4.678748	12.353882
6407	6666.238454	56.075558	-0.033601	4.633731	12.517513
6409	6668.310358	55.247216	0.375959	4.641241	12.444962
6411	6670.383134	55.126239	0.203366	4.638691	12.430275
6413	6672.455409	54.769069	0.269225	4.650316	12.444419
6415	6674.527890	54.468063	0.120747	4.651789	12.121438
6417	6676.600051	55.431881	-6.916562	4.645399	12.506096
6419	6678.672409	53.845739	0.119076	4.672420	12.399607
6421	6680.745155	53.993251	-0.156460	4.664637	12.393007
6423	6682.817099	53.591857	-0.147467	4.665314	12.296739
6425	6684.889221	54.103892	-0.065491	4.663751	12.121409
6427	6686.961576	53.494521	-0.111291	4.666158	12.668733
6429	6689.033944	56.028504	-6.940118	4.642978	12.422456
6433	6693.178993	52.949748	0.148421	4.673399	12.262219
6435	6695.250955	53.581209	-0.135338	4.665604	12.202718
6437	6697.323634	57.109778	-6.877948	4.640959	12.339743
6439	6699.395374	55.441693	0.328869	4.640575	12.511823
6441	6701.468221	52.850332	0.201425	4.676992	12.513875
6449	6709.757796	53.363011	0.165332	4.677474	12.327049
6451	6711.829810	57.221265	-7.027069	4.640736	12.305004
6455	6715.975067	55.149888	0.335146	4.639523	12.580696
6461	6722.191407	53.857499	-0.190981	4.664113	12.399613
6463	6724.264154	54.608048	0.154889	4.649399	12.745431
6465	6726.336693	53.674810	-0.163212	4.664902	12.259663
6467	6728.408712	55.925260	-0.029398	4.631727	12.621317
6469	6730.481467	55.322607	0.395986	4.640919	12.260215
6475	6736.698273	51.719191	0.220893	4.675901	12.599408
6477	6738.770941	53.885348	-0.197500	4.662470	12.526281
6479	6740.843384	54.605544	0.114749	4.650297	12.205496
6481	6742.915485	54.628249	0.124311	4.649808	12.293587
6483	6744.986836	56.041344	0.003610	4.633860	12.113676
6485	6747.060501	55.049623	0.208997	4.651133	12.665984
6487	6749.132719	56.029861	-0.044243	4.632672	12.470615
6489	6751.205068	54.707803	0.248752	4.648554	12.226831
6491	6753.277571	53.864783	-0.195469	4.661841	12.351419
6493	6755.349113	56.328798	-0.016654	4.635063	12.574852
6495	6757.422057	52.207673	0.248349	4.679046	12.793060
6497	6759.494347	54.639998	0.118015	4.649966	12.618935
6499	6761.567097	55.950141	-6.874291	4.642726	12.338623
6501	6763.639472	53.043135	0.201651	4.678034	12.452247
6503	6765.712068	56.287703	-0.017350	4.636148	12.662417
6507	6769.856568	54.739711	0.275266	4.649119	12.485689
6509	6771.928628	55.945201	-0.031507	4.632132	12.117326
6511	6774.001556	54.604850	0.302268	4.648510	12.238810
6513	6776.073079	50.078371	-4.100401	4.669862	12.036491
6517	6780.218240	54.704063	0.287924	4.648733	12.136488
6519	6782.290560	56.402569	-0.044150	4.632908	12.393659
6523	6786.435383	54.576721	0.325637	4.646943	12.730205
6525	6788.507983	54.705538	0.134252	4.649782	12.633108
6527	6790.580122	53.571503	-0.147243	4.663593	12.525381
6529	6792.652634	53.962500	-0.139314	4.663293	12.583546
6531	6794.725102	55.587968	-0.001538	4.629957	12.196571
6533	6796.796443	54.745123	0.257374	4.648715	12.537948
6535	6798.869511	55.898941	-0.001911	4.632313	12.349284
6537	6800.941843	54.766224	0.264212	4.649079	12.447754
6539	6803.013507	55.986336	-6.751694	4.641370	12.170662
6541	6805.086475	53.048491	0.211565	4.675857	12.451517
6543	6807.158574	55.511657	-6.897911	4.642309	12.424322
6545	6809.231647	52.301561	0.249633	4.677991	12.506981
6547	6811.304170	53.789959	-0.094342	4.663574	12.427929
6549	6813.375928	58.705767	-7.508346	4.662794	12.461192
6551	6815.448740	52.508446	0.224639	4.676924	12.327129
6557	6821.665334	54.796102	0.281616	4.648880	12.347172
6559	6823.737901	53.378878	-0.118508	4.664462	12.224697
6561	6825.810087	54.754412	0.143360	4.649661	12.169138
6563	6827.882715	53.630240	-0.092976	4.664384	12.394920
6565	6829.955062	53.233335	-0.038877	4.667228	12.370586
6567	6832.027628	54.520120	-6.989949	4.646769	12.634304
6569	6834.099941	55.406735	0.396692	4.640515	12.267262
6573	6838.244399	54.856024	0.409765	4.637810	12.171713
6575	6840.316883	54.647884	0.307964	4.648417	12.579353
6577	6842.388908	53.045010	0.035173	4.667312	12.529584
6583	6848.605973	53.490608	-0.147951	4.664173	12.189396
6585	6850.677726	53.570988	-0.075066	4.663627	12.408486
6587	6852.750908	53.629659	-0.084568	4.665225	12.213479
6589	6854.823461	54.134735	-0.031419	4.662798	12.581072
6591	6856.895832	56.183526	-6.818660	4.642618	12.186411
6593	6858.968191	54.631168	0.333407	4.647633	12.723399
6595	6861.040942	54.735588	0.135428	4.649331	12.519467
6597	6863.111882	58.157383	-7.414870	4.662645	11.936383
6601	6867.257811	55.365426	0.420150	4.640548	12.408851
6603	6869.330064	54.657616	0.315885	4.648481	12.277030
6605	6871.402096	56.111645	0.006394	4.633232	12.908041
6609	6875.545946	54.750718	0.306758	4.648302	12.596774
6611	6877.619254	54.625397	0.132211	4.648975	12.611663
6613	6879.691912	55.850044	-0.032901	4.630898	12.692236
6615	6881.764196	54.780572	0.277034	4.648516	12.464439
6617	6883.836708	54.735964	0.147957	4.649465	12.295117
6619	6885.908817	54.666567	0.117903	4.648962	12.390576
6621	6887.981189	54.712448	0.158579	4.648673	12.650624
6623	6890.053729	53.363094	-0.096219	4.665745	12.229281
6625	6892.126008	54.582069	0.149135	4.648905	12.236132
6627	6894.198481	56.527399	-6.838858	4.641596	12.430748
6637	6904.560405	54.604870	0.337043	4.647221	12.521245
6639	6906.632593	53.604466	-0.138474	4.662825	12.272374
6645	6912.849847	55.280207	0.410198	4.640668	12.640794
6647	6914.922009	52.463382	0.216814	4.674094	12.308349
6649	6916.994587	54.585227	0.131272	4.649323	12.487976
6653	6921.139156	53.092760	0.196916	4.672795	12.313897
6655	6923.211397	53.624793	-0.156500	4.663612	12.531222
6657	6925.283584	53.271433	-7.606484	4.680599	12.489263
6659	6927.356422	53.116050	0.223743	4.677872	12.559579
6661	6929.428559	56.200533	-6.973775	4.643041	12.464437
6663	6931.500526	54.443898	0.357931	4.647356	12.619535
6665	6933.573036	55.920706	-6.739915	4.640771	12.596445
6667	6935.644725	55.267331	0.327429	4.637678	12.199335
6675	6943.935158	51.166937	0.245220	4.674867	12.832222
6677	6946.006701	53.273856	-0.124458	4.665483	12.401555
6679	6948.080027	58.015466	-7.503469	4.663614	12.608059
6683	6952.224717	54.559399	0.323315	4.646757	12.358726
6687	6956.369207	54.948005	0.295490	4.636532	12.480231
6689	6958.441960	54.586265	0.300601	4.647637	12.290436
6691	6960.514369	55.568740	-0.029680	4.630570	12.174477
6697	6966.731569	54.667205	0.263508	4.648671	12.335317
6699	6968.803642	56.279583	-0.039278	4.632625	12.342139
6703	6972.947996	52.590842	0.205785	4.676347	12.335050
6705	6975.020419	53.929768	-0.184289	4.662496	12.213077
6707	6977.092921	54.703647	0.150569	4.649565	12.559962
6709	6979.165530	62.242285	-7.622306	4.647231	12.359237
6711	6981.237748	52.597497	0.184833	4.672245	12.498594
6713	6983.310426	54.769026	-6.865566	4.643926	12.405417
6715	6985.382761	54.854415	0.279960	4.648273	12.605750
6717	6987.454886	54.620401	0.131421	4.648636	12.612985
6719	6989.526584	54.262879	-0.176399	4.660629	12.324925
6721	6991.599889	56.650593	-7.288759	4.664448	12.331298
6725	6995.744395	50.131859	0.261312	4.674551	12.338454
6729	6999.889040	53.220272	0.203382	4.675458	12.432597
6731	7001.960383	54.655760	0.153862	4.648406	12.371815
6733	7004.033872	52.127936	0.033499	4.668725	12.446587
6735	7006.106163	54.182682	-0.079951	4.661841	12.427234
6737	7008.178572	53.630955	-0.122868	4.662996	12.646331
6739	7010.251272	53.720050	-7.345844	4.649377	12.233250
6741	7012.323246	54.685330	0.305931	4.647083	12.620192
6743	7014.395239	54.597978	0.145513	4.647281	12.528305
6745	7016.467933	56.019190	-0.001692	4.630448	12.664819
6747	7018.540146	54.736983	0.279298	4.647332	11.807742
6749	7020.611698	54.581759	0.152851	4.647238	12.646235
6751	7022.685158	54.881925	0.133014	4.649140	12.069550
6753	7024.757544	54.568627	0.151449	4.645072	12.395870
6755	7026.829773	54.079816	-0.162131	4.661650	12.619997
6757	7028.902287	56.065870	-6.780465	4.639714	12.279603
6759	7030.974238	53.181796	0.203285	4.675878	12.449586
6761	7033.046263	54.704442	0.134166	4.648207	12.841855
6763	7035.118949	56.034819	-0.034192	4.629615	12.361258
6765	7037.191744	55.215558	0.413240	4.639139	12.681924
6769	7041.336556	52.136093	0.258924	4.675399	12.221802
6771	7043.408808	55.747402	0.003016	4.631185	12.682200
6773	7045.481157	53.458578	0.173921	4.672870	12.602927
6775	7047.553578	53.414422	-0.097157	4.664039	12.582069
6777	7049.626132	55.982442	-6.779523	4.640249	12.464652
6779	7051.698618	55.268795	0.433638	4.639545	12.934413
6783	7055.843385	56.169748	0.165657	4.638551	12.783688
6785	7057.915525	53.469696	0.181400	4.672226	12.669244
6787	7059.988102	54.699822	0.140031	4.648129	12.340722
6789	7062.060794	56.106093	-6.946540	4.641243	12.525579
6791	7064.131741	55.078004	0.387648	4.636878	12.703589
6793	7066.205204	55.091168	0.268881	4.636101	12.656476
6795	7068.277288	52.109737	0.236501	4.675695	12.466598
6799	7072.422261	52.955498	0.165002	4.671829	12.404183
6801	7074.494694	58.878097	-7.299226	4.659367	11.909712
6805	7078.639270	54.657967	0.273770	4.645979	12.431976
6807	7080.711711	53.687136	-0.137470	4.662361	12.528090
6809	7082.783572	53.730198	-0.130918	4.661788	12.781958
6811	7084.856285	54.622955	0.147556	4.647845	12.430264
6813	7086.929015	55.953504	-6.712346	4.638979	12.735226
6815	7089.001132	52.883607	0.164425	4.667836	12.231614
6817	7091.073436	56.059526	-0.035920	4.629657	12.472438
6819	7093.146418	53.155367	0.203425	4.675612	12.392538
6821	7095.218571	57.077774	-6.912199	4.639628	12.341876
6823	7097.290638	54.673918	0.356466	4.645639	12.531348
6825	7099.363246	63.009579	-7.096442	4.649726	12.338553
6827	7101.434271	54.298566	0.243986	4.632281	11.919307
6829	7103.507693	54.819302	0.267749	4.647081	12.264149
6831	7105.580352	54.591023	0.164156	4.647126	12.706622
6833	7107.652441	53.772082	-0.093030	4.662283	12.710770
6835	7109.724810	56.060189	-0.012553	4.630747	12.455626
6837	7111.797424	52.643440	0.165914	4.670616	12.324703
6839	7113.869539	53.863270	-0.019832	4.661614	11.982741
6841	7115.941415	55.977798	-6.697874	4.638989	12.448920
6843	7118.014480	54.718181	0.300747	4.646308	12.277606
6845	7120.087019	56.306383	-0.052380	4.631638	12.687932
6847	7122.159190	54.813454	0.244050	4.648173	12.383845
6849	7124.231453	54.700269	0.129956	4.647284	12.330126
6851	7126.304118	54.606836	0.131825	4.647768	12.460643
6855	7130.448619	52.045048	0.182671	4.670071	12.349842
6857	7132.521444	54.690463	0.126701	4.647253	12.425624
6859	7134.592627	54.698265	0.159643	4.646319	12.338892
6861	7136.665868	53.342792	-0.093619	4.662243	12.562698
6863	7138.738165	54.840041	0.122738	4.648365	12.603220
6865	7140.810174	55.908708	0.007241	4.630718	12.319658
6869	7144.955413	54.876304	0.284516	4.647609	12.313530
6871	7147.027636	55.831458	-0.021251	4.628154	12.749528
6873	7149.100234	55.694740	0.247300	4.636189	12.392494
6879	7155.317626	53.518479	0.168799	4.671357	12.535133
6881	7157.389856	57.220729	-6.843001	4.638225	12.506521
6885	7161.535099	54.640447	0.287255	4.646149	12.496254
6887	7163.606611	54.657414	0.122979	4.647461	12.080630
6889	7165.678857	53.716646	-0.073271	4.662491	12.381366
6891	7167.750450	62.580277	-6.607240	4.648332	12.427036
6893	7169.823802	52.207122	0.252175	4.674902	12.320748
6895	7171.896064	57.151579	-0.052072	4.634367	12.026678
6897	7173.968656	54.741522	0.270574	4.646182	12.349674
6899	7176.041040	55.958402	-6.751738	4.639299	12.609404
6901	7178.113666	52.118266	0.214309	4.669945	12.233014
6903	7180.185709	53.878883	-0.145150	4.660858	12.538268
6911	7188.475262	54.842990	0.267853	4.634110	12.336511
6913	7190.547297	52.636993	0.232012	4.675083	12.178979
6915	7192.619997	56.081003	-6.777481	4.638676	12.228012
6917	7194.692427	54.801292	0.290349	4.646265	12.490750
6919	7196.764942	56.200649	-0.017817	4.632128	12.492045
6927	7205.054186	54.206765	0.314622	4.633422	12.590102
6931	7209.199064	54.799155	0.320735	4.645966	12.621712
6933	7211.271326	56.207143	-0.041011	4.628385	12.739325
6935	7213.343341	55.044658	0.360130	4.636292	12.425284
6937	7215.416102	53.138569	0.208389	4.675700	12.567267
6939	7217.488177	56.154556	-0.002717	4.632080	12.567459
6941	7219.559731	53.046263	0.233079	4.676319	12.532521
6943	7221.632874	57.152848	-6.810034	4.636440	12.227593
6945	7223.705274	54.639790	0.318369	4.645062	12.314327
6951	7229.922826	54.679709	0.280598	4.645549	12.658242
6953	7231.994970	53.634689	-0.145869	4.660245	12.285991
6955	7234.067040	54.631316	0.126902	4.647462	11.966076
6957	7236.139811	54.443622	0.003308	4.658924	12.474092
6959	7238.211779	53.996301	-0.134231	4.659867	12.892504
6961	7240.284582	54.718383	0.150615	4.647058	12.069771
6963	7242.356519	54.121680	-0.255896	4.660016	12.614332
6965	7244.429127	53.803029	-0.125958	4.662110	12.199325
6967	7246.501807	56.067942	-6.784376	4.638702	12.273202
6969	7248.573864	54.674880	0.291942	4.645909	12.907192
6971	7250.646237	54.205905	-6.981216	4.643905	12.462346
6973	7252.719019	53.055098	0.222034	4.675238	12.710774
6975	7254.791694	55.971309	-7.355752	4.665147	12.307867
6977	7256.863699	54.685825	0.445471	4.637581	12.455233
6985	7265.153127	52.380768	0.237383	4.674672	12.406849
6987	7267.224803	53.426665	-0.178564	4.660922	12.483517
6989	7269.298007	54.038534	-0.112283	4.659076	12.352212
6991	7271.370068	54.518807	-0.063576	4.658440	12.517445
6993	7273.442697	55.724294	-0.013673	4.629495	12.382044
6995	7275.515003	53.602571	0.177262	4.670142	12.203977
6999	7279.659789	53.158726	0.201771	4.672709	12.438613
7001	7281.732489	54.480059	-0.127780	4.659115	12.428237
7003	7283.804734	54.682832	0.157213	4.646977	12.444922
7005	7285.876729	56.017270	-0.020686	4.629305	12.322499
7011	7292.093605	55.387513	0.328405	4.636782	12.245245
7013	7294.165929	56.064518	0.338224	4.639643	12.695772
7015	7296.239042	54.654220	0.327924	4.644041	12.465083
7017	7298.310751	53.169675	-0.146814	4.661020	12.247769
7019	7300.383266	55.819294	-0.030347	4.629290	12.388228
7023	7304.528150	53.346653	0.179289	4.671508	12.755392
7025	7306.600644	55.999668	-6.757299	4.637869	12.511843
7027	7308.672847	54.573220	0.292790	4.645339	12.591255
7031	7312.817296	54.748222	0.248060	4.645542	12.474426
7033	7314.890281	56.375666	-0.023891	4.631142	12.141934
7035	7316.961969	52.342468	0.164259	4.664830	12.454362
7037	7319.035017	53.580134	-0.151792	4.660798	12.376326
7039	7321.106581	55.954179	-0.000938	4.629203	12.498273
7043	7325.252316	55.288048	0.390087	4.637173	12.122925
7045	7327.324403	49.711453	0.164662	4.656386	12.781480
7047	7329.397264	55.913648	0.003076	4.630092	12.159407
7053	7335.614341	54.720685	0.289809	4.645827	12.394088
7055	7337.685664	54.413887	0.141203	4.644870	12.574000
7057	7339.758509	55.913891	-0.033954	4.627858	12.477387
7059	7341.831584	54.531331	0.309389	4.633324	12.484498
7061	7343.903606	54.812425	0.295044	4.644976	12.605999
7065	7348.048227	55.350024	0.343060	4.636077	12.248904
7067	7350.120442	55.061368	0.406284	4.635954	12.788689
7075	7358.409967	54.845404	0.303463	4.645351	12.894859
7077	7360.482566	55.970888	-0.039379	4.626410	12.194588
7079	7362.554734	55.419038	0.389042	4.637288	12.345151
7081	7364.627010	52.874049	0.203339	4.671707	12.016022
7083	7366.699479	54.197209	-0.086916	4.658808	12.670172
7085	7368.771454	53.292581	-0.085773	4.662964	12.742467
7087	7370.843306	53.509874	-0.142025	4.660874	12.371677
7089	7372.916356	54.531236	0.120193	4.645160	12.007501
7091	7374.988520	55.788180	-0.008439	4.628484	12.275397
7093	7377.061175	55.007664	0.345181	4.634827	12.498281
7097	7381.206104	52.810319	0.160955	4.665839	12.669192
7099	7383.278463	54.631150	0.114869	4.645803	12.437516
7101	7385.349974	53.464569	-0.033981	4.661400	12.569004
7103	7387.422938	52.325975	-0.077866	4.663652	12.346939
7105	7389.495752	55.714975	-7.406188	4.666774	12.713395
7109	7393.640179	55.430517	0.400359	4.636794	12.417094
7111	7395.712830	55.074217	0.395362	4.635891	12.102558
7113	7397.784183	54.684537	0.292228	4.644407	12.820504
7115	7399.857742	53.803944	-0.153192	4.658279	12.227213
7117	7401.929367	55.912650	-7.272731	4.642638	12.568754
7119	7404.001598	55.435072	0.400638	4.634646	12.578533
7123	7408.147498	53.124280	0.184446	4.672294	12.658671
7125	7410.218813	53.521723	-0.178929	4.659330	12.343715
7127	7412.291261	53.751394	-0.163437	4.659056	12.609605
7129	7414.364470	55.668019	0.015814	4.627763	12.322881
7131	7416.436694	54.808860	0.355264	4.633242	12.799690
7137	7422.652733	54.675819	0.129351	4.646147	12.553336
7139	7424.725948	53.478041	-0.126517	4.660658	12.447219
7141	7426.798509	56.145837	-0.050617	4.625108	12.237277
7147	7433.015073	54.763245	0.249165	4.643961	12.268390
7149	7435.087715	56.393220	-0.031558	4.629833	12.770308
7151	7437.160466	54.700939	0.265901	4.644316	12.547705
7153	7439.232173	54.667446	0.123060	4.644664	12.346449
7155	7441.304923	53.430036	-0.131961	4.660031	12.437266
7157	7443.377362	56.530682	-0.028006	4.630521	12.416922
7161	7447.521946	53.442568	0.157249	4.670497	12.668389
7163	7449.594731	56.410724	-0.046937	4.627587	12.409099
7165	7451.666139	52.967382	0.212227	4.673089	12.328206
7167	7453.739119	53.636037	-0.182464	4.657775	12.097658
7169	7455.811012	54.627425	0.153671	4.643736	12.480502
7171	7457.883520	56.366181	-7.348677	4.662743	12.449461
7175	7462.028811	54.704857	0.285935	4.643725	12.499991
7177	7464.101422	53.799754	-0.206769	4.657094	12.057117
7179	7466.173295	54.614849	0.129639	4.643889	12.165298
7183	7470.317987	52.695055	0.200825	4.670611	12.283742
7185	7472.390684	53.705095	-0.146563	4.658677	12.554032
7187	7474.463063	55.921807	-6.719812	4.635496	12.688942
7191	7478.607608	54.697999	0.302905	4.642868	12.178831
7193	7480.679683	60.788330	-7.774662	4.655923	12.695975
7197	7484.824508	51.354527	0.235424	4.667289	12.255470
7199	7486.897288	54.626153	0.164655	4.643249	12.293459
7201	7488.969705	54.795930	-7.055448	4.641158	12.292345
7203	7491.041809	52.766907	0.212833	4.670107	12.524447
7205	7493.114287	53.621133	-0.087816	4.659406	12.255825
7207	7495.186979	55.083365	-6.935795	4.639688	12.652225
7209	7497.259181	55.173262	0.379455	4.634495	12.553487
7211	7499.331301	54.704676	0.289059	4.642839	12.460997
7213	7501.404101	55.903569	-0.018953	4.626553	12.304271
7215	7503.476017	54.859862	0.225021	4.645052	11.967887
7217	7505.548389	54.604234	-6.954162	4.639038	12.597271
7221	7509.693195	55.694912	0.367234	4.634973	12.266355
7225	7513.837923	53.585625	0.162566	4.665166	12.451154
7227	7515.910522	53.625017	-0.056597	4.658203	12.323928
7229	7517.982630	53.148650	-0.086139	4.659984	11.937435
7231	7520.054957	56.079138	-0.003001	4.628950	12.314094
7233	7522.127097	55.316327	0.400608	4.635036	12.502368
7239	7528.344433	55.355261	0.388702	4.635089	12.517601
7241	7530.416446	54.695562	0.350208	4.632207	12.393437
7245	7534.561708	55.188660	0.350260	4.632648	11.983541
7249	7538.706459	46.566621	-0.212388	4.631255	12.654246
7251	7540.777952	55.111105	-6.882450	4.638446	12.448021
7253	7542.850747	55.036889	0.372801	4.633006	12.345148
7255	7544.923429	55.073605	0.370704	4.633200	12.182845
7257	7546.996062	55.876113	0.341036	4.635436	12.480842
7259	7549.068445	55.522176	0.306441	4.633897	12.189213
7261	7551.140923	53.201310	0.188968	4.669768	12.625398
7263	7553.213041	56.058794	-0.014535	4.626798	12.379577
7265	7555.285688	54.828296	0.439932	4.635268	12.547719
7267	7557.357081	53.387723	0.175220	4.668902	12.407746
7269	7559.429023	54.632487	0.119586	4.643492	12.440256
7271	7561.502927	55.923650	-0.024885	4.625987	12.997955
7277	7567.719499	54.518908	0.333190	4.640915	12.548926
7279	7569.792121	57.124612	-6.788238	4.633026	12.647504
7281	7571.864418	52.560999	0.204119	4.670834	12.296979
7285	7576.009052	53.699267	0.137558	4.668712	12.728653
7287	7578.081686	56.048485	-0.002056	4.626586	12.624435
7291	7582.226632	54.882094	0.229560	4.643872	12.494006
7293	7584.299093	56.162724	-6.866399	4.635375	12.327522
7297	7588.443931	54.708565	0.282858	4.642016	12.208920
7299	7590.515894	56.670492	-0.086870	4.625614	12.165979
7301	7592.588249	50.554440	0.266599	4.669564	12.320698
7303	7594.660505	56.055689	-7.462957	4.641446	12.549531
7307	7598.805404	54.645364	0.307108	4.641177	12.473386
7309	7600.878149	52.262813	-0.026988	4.663384	12.436489
7311	7602.949862	53.836924	-0.132497	4.657430	12.508026
7319	7611.240081	55.397846	0.451879	4.633535	12.153705
7323	7615.384293	52.156846	0.071498	4.664076	12.205327
7329	7621.601284	52.648247	0.211089	4.668729	12.341270
7331	7623.674326	53.589646	0.017101	4.657186	12.738335
7337	7629.891054	54.669574	0.322686	4.640904	12.298131
7341	7634.035532	54.607096	0.303618	4.628917	12.636242
7343	7636.108091	53.476957	0.176728	4.667406	12.153092
7345	7638.180431	56.286468	-0.028782	4.626001	12.712280
7347	7640.252887	52.064586	0.216112	4.666060	12.718007
7349	7642.325572	56.004061	0.020192	4.627520	12.690388
7351	7644.397945	55.194586	0.309218	4.631509	12.395806
7355	7648.542191	55.060170	0.346170	4.630907	12.417844
7357	7650.614889	54.718513	0.358984	4.640737	12.453292
7359	7652.687050	55.912398	-0.012210	4.622632	12.320614
7361	7654.759436	55.149021	0.374055	4.631932	12.610719
7363	7656.831899	52.705477	0.177876	4.665980	12.276106
7365	7658.904110	56.499754	-7.188314	4.647624	12.171288
7369	7663.049296	52.390249	0.181818	4.665653	12.433602
7371	7665.120938	52.854796	-0.049377	4.659627	12.353910
7373	7667.193565	55.661726	-0.008691	4.622935	12.428063
7375	7669.266343	54.675198	0.351103	4.630113	12.309797
7377	7671.338847	53.379141	0.199804	4.667844	12.355199
7379	7673.410785	55.997555	-6.822840	4.634795	12.577586
7381	7675.483566	54.799250	0.260236	4.642214	12.241885
7383	7677.555313	55.404912	0.008548	4.622301	12.406419
7385	7679.627368	54.668748	0.281264	4.640903	12.529830
7387	7681.700536	56.393262	-0.022388	4.626034	12.528055
7391	7685.844935	52.192054	0.257582	4.670226	12.588043
7393	7687.917510	54.347806	0.183696	4.641043	12.520390
7395	7689.989229	55.561869	0.012595	4.623443	12.510190
7399	7694.134550	52.918825	0.197544	4.665818	12.051258
7401	7696.207334	54.667589	0.127180	4.641799	12.440247
7403	7698.279364	60.017164	-7.491769	4.649425	12.035385
7407	7702.424391	53.388467	0.171189	4.666396	12.672364
7409	7704.496517	54.178611	-7.149477	4.645325	12.728841
7411	7706.568905	53.056093	0.203435	4.668934	12.317489
7413	7708.641195	54.629004	0.128649	4.641543	12.898047
7415	7710.713776	56.851527	-0.056109	4.625090	12.682907
7419	7714.858401	54.682944	0.282834	4.641164	12.117932
7421	7716.930819	56.232592	-0.053952	4.623079	12.188091
7423	7719.002991	54.482340	0.396822	4.638094	12.458226
7429	7725.220263	52.539162	0.194398	4.666092	12.539813
7431	7727.292661	54.630294	0.134785	4.640664	12.824525
7433	7729.364830	53.936840	-0.098693	4.654361	12.499836
7435	7731.437855	52.588443	-0.005147	4.658497	12.686182
7437	7733.509164	54.752134	-6.809192	4.635867	12.608085
7443	7739.726394	55.614511	0.325185	4.630634	12.302463
7445	7741.799311	54.757108	0.284203	4.640137	12.666116
7447	7743.871321	55.797589	0.014546	4.623775	12.198092
7449	7745.943953	55.546859	0.354523	4.632300	12.264305
7451	7748.016754	54.732810	0.329165	4.639852	12.448588
7453	7750.089196	59.571662	-7.050166	4.635607	12.556350
7455	7752.160871	54.860103	0.271096	4.641030	12.351040
7457	7754.233512	54.107177	-0.000571	4.654600	12.378550
7459	7756.306014	56.223671	-0.009978	4.624106	12.408108
7461	7758.378360	52.745014	0.205655	4.665407	12.522195
7463	7760.450558	54.716246	0.126026	4.641466	12.440575
7469	7766.667533	54.694306	0.311207	4.639496	11.921397
7473	7770.812652	52.675313	0.209323	4.666873	12.749099
7475	7772.884787	54.575281	0.136969	4.640618	12.420142
7477	7774.957335	55.758272	0.029926	4.624305	12.235317
7481	7779.102033	52.975359	0.226883	4.668844	12.818910
7483	7781.174248	55.883297	0.001920	4.623290	12.598189
7487	7785.318743	54.855504	0.336061	4.629608	12.650856
7489	7787.391516	55.006894	0.369515	4.629657	11.911810
7491	7789.464206	54.689466	0.293384	4.640001	12.536712
7493	7791.536702	53.865160	-0.072256	4.654672	12.128500
7495	7793.608971	53.750316	-0.169363	4.654243	12.253712
7497	7795.681484	56.060710	-0.011191	4.624019	12.601820
7505	7803.970584	50.733237	0.301777	4.668709	12.576000
7509	7808.115233	55.275826	0.370900	4.630585	12.523915
7511	7810.188120	52.426116	0.227389	4.667823	12.357493
7513	7812.260278	53.884833	-0.098879	4.654793	12.275492
7515	7814.332337	52.974876	-4.751480	4.652838	12.235683
7517	7816.404005	53.303669	0.147453	4.662245	12.502301
7521	7820.548909	60.731711	-7.597811	4.649517	12.378900
7525	7824.694777	54.653879	0.304234	4.638540	12.603029
7527	7826.766647	55.531674	-6.819957	4.633515	12.738098
7529	7828.839104	53.235728	0.206182	4.667586	12.502301
7531	7830.911824	56.180633	-0.007105	4.624188	12.570244
7533	7832.983317	51.467661	0.188069	4.653906	12.116319
7535	7835.056056	53.595726	-0.127506	4.654501	12.221779
7537	7837.128569	53.090757	-0.056765	4.655362	12.471431
7539	7839.200881	54.512388	0.168585	4.638572	12.254770
7541	7841.273172	53.665085	-0.147737	4.655424	12.380352
7545	7845.417461	55.590893	0.321991	4.630391	12.371244
7547	7847.490409	55.008491	0.332353	4.629445	12.437475
7549	7849.563093	51.424567	0.269109	4.666183	12.517535
7551	7851.635330	55.843334	-0.000643	4.622148	12.223558
7555	7855.779733	51.971992	0.224273	4.664178	12.699454
7557	7857.851783	56.370763	-0.029513	4.624129	12.612660
7559	7859.924544	52.071376	0.238431	4.667398	12.215371
7561	7861.996804	54.570159	0.136591	4.640348	12.261115
7563	7864.069961	56.553866	-7.030466	4.631870	11.997948
7567	7868.214208	53.247346	0.195486	4.666874	12.390897
7569	7870.286514	53.916327	-7.126568	4.638319	12.763412
7573	7874.431011	54.754488	0.324844	4.638885	12.409880
7575	7876.503703	54.712584	0.145857	4.639641	12.464646
7577	7878.575908	53.610899	-7.033854	4.637653	12.867081
7579	7880.648819	53.097382	0.204116	4.666328	12.821202
7581	7882.720869	55.881847	-0.013397	4.622451	12.523019
7583	7884.793114	53.219829	0.146069	4.658507	12.609071
7585	7886.865175	53.996359	-0.094188	4.652507	12.339286
7587	7888.937848	54.214650	-0.121222	4.650664	12.638425
7589	7891.010222	53.656406	-0.113033	4.654619	12.380290
7591	7893.082416	56.616300	-0.024696	4.624546	12.354720
7595	7897.227850	54.755325	0.332888	4.638174	11.903901
7599	7901.372598	52.450032	0.221154	4.665415	12.318270
7601	7903.444555	53.461270	-0.155808	4.653862	12.354968
7603	7905.516874	53.575920	-0.119071	4.654792	12.287116
7605	7907.588932	55.859401	-0.009448	4.620508	12.439258
7607	7909.661468	53.198585	0.183337	4.666340	12.405158
7609	7911.733895	55.531963	-7.132188	4.636354	12.525153
7611	7913.806525	54.571325	0.326287	4.636784	12.544419
7613	7915.878665	57.254732	-6.946330	4.628652	12.025880
7617	7920.023478	53.146468	0.109507	4.652880	12.313259
7619	7922.096160	53.780781	-0.160757	4.652359	12.752270
7621	7924.168404	54.590533	0.143466	4.638236	12.197754
7623	7926.240953	53.283366	-0.128141	4.653934	12.305349
7625	7928.313247	55.967349	-6.666686	4.630006	12.233078
7627	7930.385729	55.266220	0.399619	4.630204	12.749550
7629	7932.458066	53.224098	0.197143	4.665639	12.405380
7631	7934.530361	54.669047	0.159475	4.638679	12.438320
7633	7936.602502	54.642881	0.139306	4.638348	12.774724
7635	7938.674552	55.847277	0.010769	4.622151	12.423610
7639	7942.819079	55.309772	0.424766	4.629293	12.637379
7641	7944.891658	51.615510	0.278491	4.667178	12.347378
7643	7946.963832	55.846150	0.019366	4.622486	12.367152
7645	7949.036841	52.728373	0.172939	4.662657	12.524918
7647	7951.109272	56.020425	0.008347	4.621908	12.504045
7649	7953.181731	54.920365	0.400158	4.627458	12.523835
7651	7955.254148	55.198908	0.285656	4.626218	12.295133
7653	7957.326048	55.282486	0.333002	4.626824	12.387687
7657	7961.470910	54.870298	0.258018	4.639194	12.321467
7659	7963.542746	57.222862	-6.881089	4.628271	12.549762
7661	7965.615753	54.546960	0.334057	4.636165	12.668460
7663	7967.687532	53.096370	-0.051778	4.654727	12.610719
7665	7969.760103	53.510101	0.010618	4.654641	12.222889
7667	7971.833188	53.589654	-0.085436	4.652270	12.369070
7669	7973.905152	53.943474	-0.163103	4.650859	12.239792
7671	7975.978054	55.786267	0.004689	4.620632	12.169911
7675	7980.122824	54.778493	0.284477	4.637289	12.510002
7679	7984.267032	54.602058	0.321985	4.636051	12.468891
7681	7986.339312	55.949960	-6.711618	4.630005	12.686737
7683	7988.412046	52.582228	0.226062	4.664167	12.543345
7685	7990.484654	54.186738	0.028631	4.651733	12.300980
7687	7992.556850	55.661819	0.004702	4.619676	12.280032
7695	8000.846252	53.249818	0.207726	4.665478	12.242149
7697	8002.918642	55.984198	-6.657900	4.629683	12.501502
7699	8004.991291	52.498506	0.245591	4.665601	12.392141
7701	8007.063523	53.683203	-0.121417	4.652512	12.226125
7703	8009.135875	55.772982	0.015396	4.619844	12.634879
7705	8011.208069	52.122099	0.195732	4.660659	12.651347
7707	8013.280439	58.191595	-6.995056	4.631729	12.314989
7709	8015.353167	52.185007	0.241553	4.665153	12.248278
7711	8017.424958	53.962588	-0.133624	4.651225	12.571107
7713	8019.497666	54.630395	0.127743	4.636870	12.789509
7715	8021.570006	55.708697	-0.001531	4.619898	12.592338
7717	8023.641824	55.657305	0.279674	4.627578	12.675164
7725	8031.932724	55.294263	0.400874	4.628273	12.287248
7727	8034.005004	51.867313	0.239142	4.663097	12.422388
7729	8036.076661	54.604944	0.150710	4.636662	11.910953
7731	8038.148139	54.573427	0.122514	4.637062	12.265090
7733	8040.220585	54.990312	-6.922523	4.631024	12.366648
7735	8042.293519	54.617393	0.295621	4.635407	12.636074
7737	8044.365877	54.624107	0.139403	4.636416	12.602493
7739	8046.438910	54.345709	-0.231137	4.650488	12.505890
7741	8048.510725	54.567678	0.118865	4.637353	12.645037
7743	8050.583233	56.075727	-6.694186	4.628285	12.631276
7745	8052.655741	54.683823	0.280944	4.635756	12.500442
7747	8054.727468	56.373410	-0.009924	4.621842	12.267239
7749	8056.800227	54.919047	0.231341	4.638826	12.641196
7753	8060.945165	52.848729	-7.697164	4.646763	12.404997
7755	8063.017443	53.164189	0.177837	4.659061	12.674556
7757	8065.089389	54.628036	0.142456	4.636283	12.541049
7759	8067.161679	54.618719	0.116948	4.636434	12.433286
7761	8069.235099	56.009233	-6.698499	4.627999	12.416834
7763	8071.307123	52.402801	0.240709	4.663714	11.994502
7765	8073.378971	56.027354	0.015505	4.620778	12.483104
7767	8075.450962	55.229018	0.339740	4.626309	12.601049
7769	8077.524324	53.730248	0.169415	4.659986	12.627227
7771	8079.596361	54.591763	0.146763	4.635249	11.949504
7773	8081.667914	55.819546	0.014580	4.619112	12.562053
7775	8083.741666	54.789317	0.340161	4.635978	12.462331
7777	8085.813641	53.675321	-0.065962	4.650793	12.620157
7779	8087.885691	56.116649	-0.005545	4.620425	12.258538
7781	8089.958348	55.177366	0.304028	4.625392	12.707548
7785	8094.102881	52.259703	0.240044	4.662912	12.470397
7787	8096.175366	55.995787	-6.652557	4.628081	12.475856
7789	8098.248171	49.633339	0.304401	4.664410	12.440928
7791	8100.319970	54.741472	-6.801152	4.631601	12.597518
7793	8102.392669	53.511776	0.190935	4.661199	12.148270
7795	8104.465362	55.891386	0.018346	4.619729	12.321063
7801	8110.681825	53.044678	0.235865	4.664389	12.310654
7803	8112.754609	54.633567	0.144416	4.636483	12.618320
7805	8114.826305	54.672863	0.149920	4.636630	12.595804
7807	8116.899325	53.802329	-0.090963	4.651182	12.640288
7811	8121.044107	55.142318	0.435453	4.625898	12.841403
7817	8127.261262	55.106239	0.403192	4.625346	12.082530
7819	8129.333337	55.185261	0.390220	4.625239	12.499737
7821	8131.406036	55.153914	0.374136	4.624756	12.541011
7823	8133.478628	55.302877	0.330377	4.625431	12.473215
7825	8135.550568	54.809599	0.378178	4.624688	12.663852
7827	8137.622895	54.712417	0.351091	4.634114	13.022157
7829	8139.695397	55.965650	-6.775417	4.628765	12.215203
7831	8141.767506	54.726684	0.294394	4.634991	12.421514
7833	8143.840162	56.073804	-6.802559	4.628190	12.247979
7837	8147.984759	50.778670	0.204085	4.652485	12.321037
7839	8150.057416	54.806487	-6.792882	4.630863	12.310964
7841	8152.129534	54.689305	0.318560	4.634569	12.556026
7845	8156.274962	54.803961	0.377760	4.624897	12.296270
7847	8158.347203	55.222715	0.397911	4.626221	12.263525
7849	8160.419536	55.552875	0.386395	4.626653	12.628086
7851	8162.491783	52.481316	0.243732	4.661990	12.442330
7853	8164.563962	54.598391	0.157192	4.635222	12.484405
7855	8166.636580	59.801231	-7.325112	4.645311	12.351942
7857	8168.708815	55.224435	0.360919	4.625214	12.357690
7861	8172.853776	54.763363	0.271151	4.635173	12.386578
7863	8174.925856	54.537293	-7.093970	4.640888	12.438450
7865	8176.998165	53.096313	0.220481	4.662918	12.079757
7867	8179.070288	53.145543	-0.023625	4.652121	12.463290
7869	8181.143119	55.386882	-6.856614	4.629973	12.888983
7871	8183.214628	54.632888	0.304389	4.635053	12.332416
7873	8185.286848	53.290897	-0.151959	4.651869	12.393937
7875	8187.360199	54.144191	-0.156899	4.648643	12.629309
7877	8189.432303	54.738659	0.166474	4.635981	12.500915
7879	8191.504993	57.108394	-6.734771	4.626268	12.676404
7881	8193.577636	55.049699	0.468373	4.626766	11.863976
7887	8199.792858	50.998638	0.281599	4.662448	12.559803
7889	8201.866248	56.098078	0.004309	4.618276	12.407659
7891	8203.939624	54.814069	0.338179	4.634221	12.146698
7893	8206.011766	52.585123	-0.079579	4.651864	12.453796
7895	8208.083890	55.584735	0.024017	4.617423	12.600424
7897	8210.156467	54.613524	0.301790	4.633213	12.348961
7899	8212.228784	54.629660	0.134431	4.635446	12.491944
7901	8214.300867	53.908007	-0.204882	4.647440	12.538640
7903	8216.373541	56.158547	-0.026201	4.618174	12.751559
7905	8218.446155	54.833790	0.313935	4.634122	12.258851
7907	8220.517764	54.712738	0.132468	4.635078	12.460813
7909	8222.590728	53.964480	-0.159457	4.646351	12.539051
7911	8224.662889	53.094044	-0.119230	4.650464	12.570062
7913	8226.734003	55.636551	0.020315	4.617244	12.595234
7919	8232.952299	54.711641	0.251828	4.633641	12.496318
7921	8235.024851	56.000958	-6.774245	4.626144	12.536833
7923	8237.097487	55.648566	0.212671	4.623693	12.613382
7927	8241.241813	52.675180	0.188622	4.659906	12.389805
7929	8243.314538	54.523974	0.114110	4.634014	12.167805
7931	8245.386811	54.763032	0.125793	4.634518	12.440020
7933	8247.458839	55.856394	0.006243	4.617265	12.247534
7935	8249.530885	53.544510	0.117762	4.653306	12.441662
7937	8251.603818	55.061402	-6.761590	4.627193	12.771808
7939	8253.676286	55.344951	0.356543	4.623551	12.538465
7941	8255.748268	50.553240	0.294261	4.662141	12.411609
7943	8257.821000	53.747775	-0.154139	4.647967	12.456694
7945	8259.892749	53.917923	-0.086634	4.647921	12.550592
7947	8261.965346	56.011063	0.012293	4.617596	12.182683
7949	8264.036960	52.784015	0.176706	4.658045	12.645387
7951	8266.110469	54.030879	-0.167599	4.646441	12.030357
7953	8268.181900	53.418541	-0.117729	4.648830	12.540561
7955	8270.253852	54.662210	0.140674	4.633621	12.328958
7957	8272.328108	56.810820	-0.074786	4.618164	12.492993
7961	8276.472494	52.915431	0.193094	4.659135	12.319103
7963	8278.544436	54.620371	-6.967401	4.629633	11.877770
7965	8280.617219	55.257857	0.383295	4.624276	12.644022
7967	8282.689033	51.617914	0.223298	4.655891	12.440141
7969	8284.762033	54.522269	0.150445	4.633041	12.230431
7971	8286.834297	56.126300	-0.001776	4.616621	12.240621
7975	8290.979139	51.781949	0.223373	4.657008	12.175144
7977	8293.051680	55.806170	0.003833	4.616055	12.859466
7979	8295.123404	54.825575	0.322615	4.621681	12.431994
7981	8297.195785	53.217369	0.209732	4.659083	12.494014
7983	8299.268235	56.576489	-0.038244	4.617093	12.449524
7985	8301.341123	54.687832	0.338405	4.632160	12.521455
7987	8303.413217	56.155261	-0.033547	4.614168	12.292988
7989	8305.485635	54.807720	0.300165	4.632728	12.496110
7991	8307.557785	54.770525	0.147137	4.633378	12.193376
7999	8315.847019	54.693183	0.342657	4.631842	12.275008
8005	8322.064646	52.242255	0.134363	4.648045	12.524502
8007	8324.137292	56.103549	-0.008577	4.616856	12.357261
8011	8328.282164	55.736758	0.363447	4.624726	12.585311
8013	8330.353252	52.866260	0.177458	4.652943	12.512392
8015	8332.426384	55.016560	-6.784476	4.627227	12.893218
8017	8334.498065	54.679884	0.254005	4.632376	12.298657
8019	8336.570529	56.059655	0.013265	4.617548	12.515853
8025	8342.788587	53.229259	0.198001	4.659777	12.699348
8029	8346.933281	53.591380	0.169494	4.657554	12.173922
8031	8349.005197	55.799772	0.033972	4.616784	12.467324
8033	8351.077710	55.290591	0.386063	4.621766	12.244954
8035	8353.150290	54.757594	0.318120	4.631657	12.779542
8037	8355.222593	55.437237	-6.732644	4.625845	12.353061
8039	8357.295117	54.715365	0.254700	4.632076	12.434551
8041	8359.367476	54.160979	-0.017795	4.646049	12.060179
8043	8361.439772	53.134777	-0.048179	4.648110	12.697967
8045	8363.511307	54.137711	-0.132266	4.644309	12.301058
8047	8365.584502	53.486762	-0.145953	4.646379	12.448221
8049	8367.656877	55.890810	0.016715	4.615762	12.379188
8051	8369.728659	54.785756	0.278866	4.632155	12.499368
8053	8371.802198	54.519689	0.155976	4.631302	12.507720
8055	8373.874798	55.845985	0.034281	4.615405	12.697834
8057	8375.946569	54.876988	0.321264	4.619306	12.190481
8061	8380.091335	54.758074	0.272284	4.631447	12.176067
8063	8382.163568	56.369780	-0.019827	4.615821	12.648148
8065	8384.236219	52.667082	0.206005	4.657290	12.589800
8067	8386.308233	54.664746	0.135437	4.632351	12.477492
8071	8390.452979	52.169127	0.246187	4.660100	12.829991
8073	8392.525560	53.960939	-0.152145	4.644826	12.210631
8075	8394.598288	54.702187	0.129890	4.632072	12.230773
8077	8396.670715	53.518344	-0.127672	4.645736	12.032636
8083	8402.887692	54.625631	0.317385	4.630346	12.239430
8085	8404.960166	54.563734	0.156466	4.631774	12.293910
8087	8407.032000	54.770891	0.155300	4.632933	12.016876
8089	8409.104742	55.927943	-6.652779	4.623918	11.958225
8091	8411.177418	53.239846	0.194733	4.654532	12.522200
8093	8413.249576	53.411641	-0.006266	4.646424	12.451290
8095	8415.320683	52.055375	0.081956	4.651871	12.150831
8097	8417.393842	53.397771	-0.090997	4.646389	12.047891
8103	8423.610409	54.750292	0.248909	4.631285	12.223197
8105	8425.684077	57.199372	-6.862967	4.621526	12.556982
8107	8427.755922	54.600465	0.298522	4.630027	12.295278
8109	8429.829079	54.023223	-0.155194	4.643887	12.486364
8111	8431.900691	54.271929	-0.123659	4.643851	12.496759
8113	8433.973310	54.693343	0.134932	4.631871	12.680235
8115	8436.045689	55.031607	-0.002425	4.611377	12.365306
8117	8438.117365	54.740436	0.287102	4.630824	12.557237
8119	8440.189745	53.611905	-0.105137	4.645703	12.387213
8121	8442.262551	54.627963	0.168015	4.630607	12.303657
8123	8444.335276	59.884487	-7.370092	4.640621	12.257192
8125	8446.407884	54.670711	0.298126	4.630673	12.510885
8127	8448.479626	56.624993	-7.331189	4.648143	12.388551
8129	8450.552703	52.709741	0.190847	4.652838	12.193263
8131	8452.625067	54.746686	0.138248	4.631797	12.135953
8133	8454.696736	53.698659	-4.526185	4.639466	12.611482
8137	8458.842577	54.912576	0.428266	4.621271	12.376451
8139	8460.914147	55.322245	0.423735	4.621971	12.847785
8143	8465.058790	50.536227	0.270587	4.656348	12.491028
8145	8467.131211	54.604219	0.140525	4.631126	12.739752
8149	8471.276144	54.609643	0.308270	4.629859	12.312452
8151	8473.348744	54.564897	0.163496	4.630593	12.337350
8153	8475.420698	54.527185	0.154873	4.629496	12.618212
8155	8477.493349	55.953451	-6.631614	4.622293	12.474505
8159	8481.637906	55.968039	-6.622331	4.622410	12.249661
8161	8483.710440	52.746042	0.199506	4.658051	12.566452
8163	8485.782551	53.569524	-0.142648	4.645174	12.298122
8165	8487.854910	55.645449	0.010465	4.612898	12.251969
8167	8489.926249	52.396421	0.243142	4.657327	12.588076
8169	8491.999275	56.036566	0.016515	4.614251	12.675843
8173	8496.144973	54.552476	0.350593	4.629559	12.622843
8175	8498.217228	57.191438	-6.819750	4.622427	12.708860
8177	8500.289411	53.380788	0.201639	4.655432	12.564951
8179	8502.362016	53.231474	-0.107513	4.647230	12.614939
8181	8504.434433	54.659579	0.153597	4.629448	12.098646
8183	8506.506105	56.000945	-6.781776	4.622368	12.347009
8185	8508.578824	54.488828	0.323613	4.618223	12.493677
8191	8514.795906	52.562114	0.230985	4.656758	12.695001
8193	8516.868080	56.236918	-0.013093	4.615053	12.648727
8195	8518.941209	55.320943	0.431135	4.621110	12.644637
8197	8521.013203	54.693054	0.286658	4.628906	12.604320
8199	8523.085700	53.914940	-0.159044	4.644454	12.451739
8201	8525.158122	53.481996	-0.107595	4.644197	12.650469
8203	8527.230049	53.859683	-0.133803	4.642500	12.374495
8205	8529.302693	54.593959	0.116330	4.631016	12.193308
8207	8531.375063	55.457952	0.011808	4.611341	12.373288
8209	8533.447522	54.660924	0.280202	4.629625	12.236824
8211	8535.519759	55.596669	0.029696	4.612995	12.587135
8219	8543.808579	52.697034	0.224255	4.655562	12.472281
8221	8545.881465	54.774815	-6.692108	4.624461	12.414868
8225	8550.025903	54.684682	0.261950	4.629432	12.529332
8227	8552.098575	55.900389	-0.010836	4.609998	12.616621
8229	8554.171602	49.954175	0.308377	4.656425	12.485605
8233	8558.316160	55.973371	-6.615590	4.620920	12.712420
8235	8560.388863	55.341835	0.431673	4.620409	12.264636
8237	8562.461132	54.651723	0.336958	4.628264	12.603538
8239	8564.533028	53.812154	-0.103795	4.641977	12.140734
8241	8566.605226	54.670281	0.158491	4.629865	12.395981
8243	8568.678328	60.431359	-7.759567	4.643113	12.399008
8245	8570.749518	53.384554	0.193492	4.656385	12.269541
8249	8574.895353	53.290853	-0.089915	4.645410	12.349574
8251	8576.966551	56.367031	-7.432038	4.648015	12.205312
8253	8579.039773	53.055939	0.222516	4.656966	12.134598
8255	8581.112344	53.351679	-0.087075	4.645776	12.492111
8257	8583.184775	53.738071	-0.132100	4.643394	12.117893
8259	8585.256841	54.499826	0.156183	4.629762	12.157150
8261	8587.329505	56.137291	0.012148	4.613585	12.618955
8263	8589.402372	55.164535	0.324216	4.618364	12.216677
8265	8591.474202	50.827028	0.292821	4.654273	12.574155
8267	8593.546541	54.695808	0.161069	4.630167	12.462361
8269	8595.618934	55.948935	-6.614699	4.621136	12.466772
8271	8597.690733	54.910681	0.444887	4.620243	12.296191
8273	8599.763595	54.544657	0.287185	4.615656	12.406617
8277	8603.908236	55.008267	0.391092	4.618467	12.013588
8279	8605.980593	54.651521	0.305594	4.627876	12.483932
8281	8608.053632	53.402499	-0.128984	4.643033	12.732346
8283	8610.125985	56.122683	0.003812	4.611981	12.258928
8287	8614.270921	52.494847	0.241925	4.656499	12.354687
8289	8616.343308	53.626985	-0.100193	4.643635	12.134740
8291	8618.415054	56.121424	-0.026088	4.610540	12.107858
8297	8624.633009	52.827049	0.187662	4.648731	12.790306
8299	8626.705377	53.497597	-0.100987	4.643901	12.386149
8301	8628.776974	56.098118	-6.653946	4.620103	12.078821
8305	8632.921907	54.843190	-6.707265	4.623421	12.533615
8307	8634.994150	54.730321	0.264552	4.627413	12.360602
8309	8637.066849	54.744207	0.139918	4.628697	12.533453
8311	8639.139078	54.663378	0.146060	4.628851	12.613618
8313	8641.211541	56.064694	0.014421	4.613557	12.366103
8315	8643.284400	53.380693	0.094854	4.636394	12.144181
8317	8645.355084	54.533117	0.177110	4.627719	12.407391
8319	8647.428599	55.830175	0.034631	4.611542	12.624113
8321	8649.501286	55.787380	0.377376	4.620081	12.480206
8323	8651.573179	54.742197	0.258868	4.627724	11.973376
8325	8653.645284	54.620920	0.156535	4.627692	12.175672
8327	8655.718365	55.073791	-6.716928	4.621473	12.556641
8329	8657.789866	55.066050	0.381317	4.616585	12.535665
8335	8664.007753	55.951928	-0.013074	4.610986	12.691109
8343	8672.296256	53.548026	0.176709	4.653283	12.398588
8345	8674.369645	54.899031	-6.951049	4.624028	12.660281
8349	8678.514383	52.445525	0.241133	4.654115	12.725444
8351	8680.586400	54.632878	0.141223	4.627708	12.026167
8353	8682.658677	56.174354	0.009549	4.611656	12.415763
8355	8684.731504	54.335356	0.304705	4.613459	12.529123
8357	8686.803643	52.612386	0.221079	4.652764	12.629483
8359	8688.876178	56.062430	-6.588444	4.618698	12.400659
8361	8690.948415	55.226580	0.365210	4.616335	12.274426
8367	8697.165968	54.695475	0.326699	4.625793	12.601724
8369	8699.237557	55.403788	-7.003820	4.633179	12.487509
8371	8701.310147	54.772828	0.284196	4.626489	12.450250
8373	8703.382770	54.471655	0.141159	4.627331	12.247888
8375	8705.455347	54.671872	0.177062	4.627325	12.456628
8377	8707.527257	53.771477	-0.116130	4.640449	12.418614
8379	8709.599837	54.003788	-0.180471	4.638412	12.223814
8381	8711.672197	54.639438	0.158891	4.626299	12.410027
8383	8713.744669	54.610218	0.155461	4.626150	12.610034
8385	8715.817158	55.938161	0.010687	4.610171	12.573627
8387	8717.889542	55.226004	0.340713	4.616292	12.136165
8389	8719.962308	55.354713	0.325935	4.615949	12.464403
8391	8722.033582	54.761288	0.279555	4.626473	12.581717
8393	8724.107072	53.482460	-0.046322	4.640884	12.670140
8395	8726.179048	54.675964	0.152526	4.627231	11.955270
8397	8728.251346	53.523255	-0.096606	4.640692	12.804034
8399	8730.323756	54.623585	0.130085	4.627461	12.770042
8401	8732.395343	54.042798	-5.649490	4.643574	12.320319
8403	8734.468537	54.670991	0.278546	4.625262	12.564019
8405	8736.540900	54.651938	0.150770	4.626301	12.538404
8407	8738.613448	54.097139	-0.083962	4.639395	12.093766
8409	8740.685114	56.150224	0.013147	4.610288	12.164186
8415	8746.902620	55.184685	0.385741	4.616358	12.119321
8417	8748.975140	55.667126	0.368184	4.616539	12.071800
8421	8753.119687	54.667944	0.295061	4.625198	12.551094
8425	8757.264481	54.580078	0.160712	4.626178	12.194822
8427	8759.336926	56.027291	0.000912	4.609492	12.642989
8431	8763.482233	54.802597	0.263239	4.625767	11.840881
8433	8765.553497	56.574177	-6.685428	4.616588	12.470488
8435	8767.626654	52.832993	0.187442	4.651924	12.101931
8437	8769.699027	56.001648	-0.027754	4.606538	12.601654
8439	8771.770701	54.546056	0.294444	4.624060	12.135900
8441	8773.842764	53.516201	-0.105355	4.641104	12.539259
8443	8775.916047	54.617046	0.145987	4.625771	12.457373
8445	8777.988559	52.925361	-0.022622	4.643311	12.593463
8447	8780.061070	53.194873	-0.171806	4.639257	12.122278
8451	8784.205140	53.133861	-0.099554	4.640828	12.319657
8453	8786.277721	52.883074	-0.004433	4.643158	12.598492
8455	8788.350649	53.987032	-0.123509	4.638834	12.586430
8457	8790.422727	56.524746	-6.643924	4.616256	12.460158
8459	8792.495279	54.787257	0.344952	4.613079	12.370994
8461	8794.567995	55.331952	0.417751	4.615478	12.581271
8463	8796.640046	56.244323	0.294622	4.616856	12.465599
8465	8798.712203	54.738921	0.312277	4.624442	12.525824
8467	8800.784985	55.995340	-6.550308	4.616462	12.470062
8469	8802.857276	51.855766	0.226743	4.648865	12.631174
8471	8804.929713	54.712130	0.136306	4.626029	12.451872
8473	8807.001936	54.674095	0.143217	4.626137	12.529647
8475	8809.074628	56.012134	0.036055	4.609070	12.563980
8481	8815.291897	54.579893	0.320633	4.623850	12.170660
8483	8817.364231	55.917537	0.012688	4.606952	12.573512
8485	8819.436173	52.664833	0.236340	4.652028	12.588396
8487	8821.508998	56.111490	0.014559	4.608797	12.660541
8489	8823.581050	54.741261	0.350650	4.612887	12.077493
8491	8825.653481	54.795762	0.292267	4.624502	12.681855
8495	8829.798518	57.145209	-6.599821	4.614770	12.555618
8497	8831.870254	54.755719	0.332843	4.623783	12.442119
8499	8833.942959	54.855874	0.146907	4.625930	12.298067
8501	8836.015134	55.874739	0.032188	4.607739	12.241129
8503	8838.087550	55.415573	0.408391	4.615533	12.301519
8507	8842.232389	54.698024	0.287624	4.623670	12.486192
8509	8844.304466	55.680771	0.024584	4.607094	12.316810
8517	8852.594244	55.556304	0.362436	4.615302	12.155476
8519	8854.666695	51.139286	0.244552	4.648037	12.391197
8521	8856.739213	53.492717	-0.133534	4.638688	11.961301
8523	8858.811262	53.220239	-0.046690	4.639973	12.651416
8527	8862.955609	52.361780	0.226658	4.648479	12.754953
8531	8867.100801	54.588150	0.146237	4.624168	12.381060
8533	8869.173359	56.023530	-6.564281	4.615788	12.552618
8535	8871.245576	55.078043	0.361462	4.613466	12.331514
8537	8873.318234	52.403782	0.233944	4.651492	12.441981
8541	8877.462787	53.644279	-0.070708	4.638263	12.603779
8543	8879.535332	54.651449	0.142000	4.624117	12.773849
8545	8881.608381	54.186340	-0.165983	4.635650	12.231019
8547	8883.680158	54.508735	0.151895	4.623713	12.403035
8549	8885.752424	54.627649	0.146562	4.624339	12.179499
8551	8887.824888	54.358023	0.156970	4.623301	12.631212
8553	8889.897667	54.481417	-6.836454	4.620538	12.354812
8555	8891.969550	54.768232	0.307177	4.623210	12.578536
8557	8894.042217	54.093207	-0.122071	4.636007	12.620865
8559	8896.114560	56.228816	-7.467184	4.643749	12.241626
8561	8898.186876	53.517344	0.163628	4.649393	12.295223
8567	8904.404325	54.664813	0.302857	4.622375	12.394427
8569	8906.476718	54.592726	0.126995	4.623420	11.645558
8571	8908.548779	53.727739	-0.154854	4.637252	12.519093
8573	8910.621207	53.002689	-0.053017	4.638842	12.517885
8575	8912.693603	56.132211	0.004530	4.607100	12.606043
8577	8914.765771	54.569204	0.315065	4.622562	12.207239
8579	8916.838457	54.543103	0.140028	4.623611	12.569172
8581	8918.910720	55.851084	0.022542	4.607210	12.507044
8587	8925.127863	55.457091	0.377137	4.613790	12.544980
8591	8929.272589	52.093405	0.107588	4.628797	12.400551
8593	8931.345046	54.606362	0.161887	4.623413	12.241933
8595	8933.417611	54.634192	-6.824615	4.618687	12.202193
8599	8937.562519	52.463153	0.207216	4.646811	12.357041
8601	8939.634526	56.001657	-6.538222	4.613979	12.479217
8603	8941.706736	54.654805	0.314107	4.621673	12.475674
8607	8945.851256	55.988035	-6.557220	4.614129	12.644979
8609	8947.923766	54.706231	0.287476	4.622126	12.776018
8611	8949.996713	55.661927	0.020346	4.604617	12.499145
8615	8954.141401	55.154185	0.334652	4.611180	12.492826
8617	8956.213265	54.615212	0.326954	4.620964	12.684013
8619	8958.286022	54.683950	0.128793	4.622881	12.634405
8621	8960.358115	54.064756	0.021192	4.634265	12.418151
8623	8962.429849	54.575366	0.142347	4.622227	12.474713
8625	8964.503474	52.986542	-0.091200	4.638785	12.487796
8627	8966.575506	55.968190	0.009900	4.605188	12.555237
8629	8968.647649	54.446615	0.343098	4.609634	12.740483
8637	8976.937091	53.738775	0.149577	4.644837	12.382458
8639	8979.009908	56.080622	-0.030022	4.604266	12.523792
8641	8981.082357	50.519255	0.179475	4.634172	12.493570
8643	8983.153923	54.658842	0.130209	4.621207	12.393764
8645	8985.227034	54.594718	0.126698	4.622386	12.252341
8647	8987.298534	56.873841	0.070068	4.610466	12.032341
8649	8989.371601	54.697342	0.327336	4.620817	12.695567
8651	8991.444041	54.514561	0.148945	4.620887	12.553567
8653	8993.516212	53.896158	-0.185657	4.634020	12.233225
8655	8995.588844	53.569441	-0.061446	4.636831	12.321466
8657	8997.661132	55.758865	0.024776	4.604576	12.246234
8659	8999.733385	52.530944	0.211188	4.647642	12.381311
8661	9001.805376	56.668133	-7.286101	4.637127	12.627563
8667	9008.022674	54.859446	0.257779	4.622276	12.444882
8669	9010.095740	54.832138	0.125313	4.622146	12.318759
8671	9012.167242	56.216474	0.001929	4.604917	12.670141
8677	9018.385111	50.700871	0.271161	4.646861	12.273856
8679	9020.456933	55.885659	-0.008379	4.602880	12.747934
8681	9022.529126	54.871734	0.349099	4.609352	12.371790
8683	9024.601658	53.133415	0.217032	4.647411	12.225338
8685	9026.674365	54.625353	0.169139	4.620578	12.164472
8687	9028.746560	53.879506	-0.124027	4.634598	12.490119
8689	9030.819166	54.643824	0.129630	4.621023	12.551297
8691	9032.890772	56.102383	-6.718810	4.612733	12.337499
8693	9034.963923	55.062893	0.387635	4.609973	12.060451
8697	9039.108988	55.098854	0.414423	4.610779	13.210615
8699	9041.179902	54.895003	0.251723	4.620876	12.072985
8701	9043.253412	56.021276	-6.451712	4.611390	12.138771
8703	9045.325887	52.964342	0.238568	4.648369	12.405894
8705	9047.398394	53.719866	-0.147904	4.632886	12.878553
8707	9049.470895	56.306394	-0.031050	4.601945	12.133065
8711	9053.615529	54.769552	0.302247	4.619432	12.223459
8713	9055.687721	54.703828	0.134178	4.620261	12.620129
8715	9057.759689	56.261937	-0.000176	4.603484	12.163080
8717	9059.832414	55.201414	0.313492	4.608822	12.512507
8719	9061.904642	54.920519	0.408540	4.609040	12.543301
8721	9063.976915	54.678163	0.330238	4.618924	12.278025
8723	9066.049902	56.065459	-6.655444	4.611235	12.313315
8725	9068.122132	53.360616	0.205910	4.645834	12.255382
8727	9070.194294	54.648534	0.150890	4.619631	12.578213
8729	9072.266760	53.502609	-0.076393	4.634050	12.262245
8731	9074.339240	54.337045	-0.113986	4.630317	12.238280
8733	9076.411007	54.631734	0.145096	4.620556	12.275381
8735	9078.483458	54.113275	-6.751015	4.615644	11.993238
8737	9080.556021	54.715046	0.298346	4.618935	12.257542
8739	9082.628385	55.757386	-6.836397	4.617683	12.413678
8743	9086.773697	52.615981	0.213415	4.644224	12.257710
8745	9088.845121	56.017356	0.029882	4.602832	12.236328
8749	9092.991118	54.676036	0.273638	4.618885	12.473612
8751	9095.062877	57.194457	-6.601507	4.608806	12.457350
8753	9097.134814	54.701889	0.282177	4.618668	12.481395
8755	9099.207813	53.114996	-0.027197	4.635923	12.332808
8759	9103.352339	55.652471	0.314508	4.608847	12.463892
8763	9107.496987	51.902690	0.260278	4.646023	12.346133
8765	9109.569771	54.671015	0.172586	4.619038	12.595746
8767	9111.642316	53.088337	-0.081261	4.634613	12.129309
8769	9113.714961	54.618517	0.152178	4.618992	12.791669
8775	9119.931959	55.239859	0.364023	4.608567	12.307997
8777	9122.004183	53.226609	0.212024	4.644245	12.584360
8779	9124.076566	56.467261	-6.782278	4.610256	12.566144
8781	9126.148877	52.704501	0.208627	4.646061	12.630374
8783	9128.221275	54.472905	0.174803	4.618380	12.221325
8787	9132.365351	54.683491	0.398426	4.608750	12.238161
8793	9138.583376	55.141613	0.425457	4.608114	12.311024
8795	9140.654727	54.482035	0.352193	4.615483	12.628296
8797	9142.727920	56.060093	0.001831	4.601480	12.299829
8799	9144.800471	54.787181	0.266888	4.617603	12.070578
8803	9148.945077	54.649856	0.132957	4.618235	11.852097
8807	9153.089986	54.649131	0.269901	4.617062	12.056324
8809	9155.161806	54.700231	0.148822	4.617676	11.872955
8811	9157.234210	56.732924	-7.297870	4.633727	12.291264
8815	9161.379473	52.900342	0.186754	4.640502	12.330055
8817	9163.451723	55.780622	0.034165	4.600050	12.655023
8819	9165.522977	52.331750	0.245264	4.645242	12.310529
8821	9167.596842	53.573052	-0.113966	4.632696	12.414363
8825	9171.741171	51.962467	0.242041	4.645316	12.580954
8827	9173.813675	53.492708	-0.140015	4.630081	12.656065
8829	9175.885701	53.823383	-0.187206	4.630207	12.340723
8831	9177.958357	54.712376	0.145435	4.617698	12.159833
8833	9180.030055	56.220756	0.010938	4.600370	12.377310
8835	9182.103429	54.769311	0.398087	4.606174	12.708736
8841	9188.320280	54.429520	0.382365	4.613714	12.693625
8843	9190.392767	53.190547	-0.083567	4.632674	12.193497
8847	9194.537661	53.009607	0.200584	4.642723	12.386027
8849	9196.609584	54.581363	0.171656	4.616346	12.304806
8851	9198.682133	54.110114	-0.096639	4.627796	12.327722
8853	9200.754202	54.610968	0.174529	4.616820	12.376092
8857	9204.899385	54.551026	0.152836	4.616639	12.460109
8859	9206.972021	55.516434	0.036261	4.599084	12.626520
8861	9209.043925	52.332196	0.243174	4.641163	12.342939
8865	9213.188906	54.715564	0.290866	4.615960	12.371922
8867	9215.261436	56.438124	0.016683	4.601061	12.685918
8869	9217.333873	54.633283	0.312672	4.615195	12.298203
8871	9219.406324	54.517838	0.166143	4.616454	12.245591
8873	9221.478502	54.587741	0.180164	4.616244	12.537405
8875	9223.550766	54.622109	0.141507	4.617222	12.719033
8877	9225.623102	56.014664	-6.533127	4.607909	12.282952
8879	9227.695996	54.775705	0.256054	4.616288	12.449254
8881	9229.767005	55.803662	0.021308	4.597999	12.127584
8883	9231.840467	50.292344	0.276989	4.638806	12.456814
8887	9235.984971	54.120598	0.538944	4.610490	12.087437
8889	9238.057913	54.615910	0.163657	4.614723	12.585103
8891	9240.129215	52.920816	-0.030737	4.632668	12.568771
8893	9242.201166	54.529477	0.168075	4.616434	12.679468
8895	9244.274092	55.965607	-6.448321	4.607099	12.113678
8899	9248.419550	55.200105	0.403066	4.605439	12.504249
8901	9250.492210	53.081849	0.236539	4.643583	12.146216
8903	9252.563163	54.584957	0.179094	4.615741	12.525558
8905	9254.636801	55.013065	-6.725087	4.610920	12.129180
8907	9256.709031	52.974619	0.260457	4.644070	12.410354
8909	9258.781548	52.977917	-0.003760	4.631620	12.584826
8911	9260.853972	54.567396	0.183203	4.615526	12.143690
8913	9262.926054	53.897232	-0.089385	4.628802	11.965369
8915	9264.997590	55.986024	-6.590201	4.607110	12.427211
8917	9267.071354	55.228282	0.380953	4.604939	12.251437
8919	9269.143487	52.439385	0.227383	4.638702	12.344557
8921	9271.214981	54.486543	0.169803	4.615355	12.190367
8925	9275.360661	52.901801	0.240684	4.640980	12.557013
8927	9277.432291	56.320982	0.036249	4.600879	12.251367
8929	9279.505210	56.382018	0.293753	4.608180	12.948586
8931	9281.576962	55.286941	0.437166	4.605524	12.479092
8933	9283.649503	54.688846	0.289264	4.614725	12.614347
8935	9285.722655	54.672099	0.174671	4.615935	12.760234
8937	9287.794695	53.795954	0.023401	4.629474	12.462142
8939	9289.867292	53.812163	-0.154252	4.627357	12.710136
8943	9294.011854	54.896841	0.323456	4.603704	12.358286
8947	9298.156292	53.677919	0.194569	4.642511	12.362110
8949	9300.228896	56.432878	0.011264	4.598675	12.432120
8953	9304.373771	55.925917	0.053046	4.598365	12.267674
8957	9308.518003	53.075450	0.252024	4.642833	12.651764
8959	9310.590430	53.955373	-0.096972	4.626989	12.255479
8961	9312.663021	53.602382	-0.072228	4.629932	12.528365
8963	9314.735687	56.099465	0.043867	4.599035	12.694935
8965	9316.808098	54.672876	0.304517	4.601099	12.270457
8967	9318.880357	54.682706	0.359132	4.613918	12.594609
8977	9329.242268	52.284272	0.259367	4.641133	12.480650
8979	9331.313660	54.753005	0.182839	4.616973	12.658133
8981	9333.386760	53.468279	-0.103353	4.628273	12.750434
8983	9335.458946	54.696464	0.179224	4.614536	12.559323
8985	9337.531453	53.558253	-0.109924	4.628923	12.318525
8987	9339.604042	55.841861	0.048105	4.597652	12.511279
8989	9341.676305	52.787488	0.215354	4.639435	12.530296
8991	9343.749329	56.849647	0.081259	4.602949	12.731704
8993	9345.820979	53.059919	0.222024	4.640954	12.357040
8995	9347.893636	55.411981	-6.594997	4.606572	12.374106
8999	9352.038119	53.482802	-0.124777	4.628069	12.730280
9001	9354.109853	53.971613	-0.172356	4.626567	12.260490
9003	9356.183143	53.172834	-0.020159	4.629706	12.432152
9005	9358.255386	56.516150	0.004705	4.599624	12.337627
9011	9364.472829	55.386731	0.273586	4.602029	12.622046
9013	9366.545424	52.493292	0.214910	4.634656	12.729456
9015	9368.617342	56.306205	0.017725	4.598456	12.466006
9017	9370.690453	54.215596	0.283510	4.599621	12.400483
9021	9374.834568	55.482674	0.358568	4.604023	12.720634
9023	9376.907326	53.063200	0.225966	4.637653	12.218727
9025	9378.979659	53.910547	-0.046318	4.626664	12.414281
9027	9381.051842	53.666123	-0.049862	4.627788	11.981421
9033	9387.268883	54.757314	0.296560	4.613691	12.293498
9035	9389.341156	52.816877	-0.008664	4.631727	12.363224
9037	9391.413238	56.033268	-6.595160	4.605998	12.547773
9039	9393.486329	54.657648	0.394369	4.612295	12.075576
9041	9395.558757	54.628296	0.170676	4.614167	12.265984
9045	9399.702598	54.874947	0.300027	4.600414	12.365946
9047	9401.775322	53.324167	0.207041	4.639202	12.996896
9049	9403.847711	54.570489	0.169249	4.613894	12.072208
9051	9405.920515	53.674948	-0.145439	4.626024	12.310250
9053	9407.992551	54.556714	0.197155	4.613854	12.602138
9055	9410.065179	54.411432	0.157372	4.613768	12.423514
9057	9412.136807	54.894505	-6.796756	4.608436	12.450116
9061	9416.282255	54.692769	0.357727	4.612129	12.099418
9063	9418.353943	56.007170	0.037076	4.596322	12.669142
9065	9420.426898	54.864765	0.293558	4.613714	12.494506
9067	9422.499231	54.806615	0.151463	4.614409	12.374975
9069	9424.571374	53.771253	-0.136200	4.626055	12.047133
9071	9426.643528	57.227361	-6.556576	4.603049	12.685833
9073	9428.717052	54.676205	0.330034	4.612353	12.094416
9075	9430.788959	54.592790	0.185150	4.613772	12.859028
9077	9432.861206	54.026005	-0.091111	4.626373	12.573565
9079	9434.933728	60.892735	-5.179940	4.610459	12.573310
9081	9437.005760	52.582403	0.223123	4.636548	12.245326
9083	9439.078937	54.625462	0.168599	4.613517	12.158949
9085	9441.151181	53.535255	-0.081059	4.626736	12.638567
9087	9443.223430	54.617623	0.151505	4.613499	12.541439
9089	9445.295623	55.947354	0.036663	4.596556	12.379037
9091	9447.367839	53.141118	0.218512	4.640973	12.782541
9093	9449.440336	56.147834	0.023268	4.596168	11.997772
9097	9453.585209	53.233561	0.197270	4.637464	12.591331
9099	9455.657563	53.268922	-0.105364	4.626598	12.469062
9101	9457.729776	54.609711	0.171340	4.612645	12.192813
9103	9459.802431	53.029091	-0.065895	4.628772	12.626031
9105	9461.875540	56.203921	-0.021413	4.593791	12.031322
9107	9463.946524	52.141989	0.263207	4.640590	12.706597
9109	9466.019640	54.958594	-6.939093	4.609308	12.599659
9111	9468.092273	55.335377	0.383749	4.602434	12.416146
9113	9470.164745	55.621527	0.299143	4.601918	12.393159
9115	9472.237059	52.793571	0.170108	4.637587	12.330300
9117	9474.308759	56.547264	-0.013787	4.596186	12.682459
9119	9476.381734	55.052443	0.371171	4.601159	11.994813
9121	9478.453327	52.484471	0.228966	4.639356	12.405149
9123	9480.526250	56.132800	0.006684	4.594676	12.132577
9125	9482.598527	54.521675	0.307479	4.610452	12.074017
9127	9484.671248	54.691278	0.185572	4.612273	12.207337
9129	9486.743547	53.703740	-0.135439	4.627147	12.346222
9131	9488.815919	54.550347	-6.720716	4.607303	12.580650
9133	9490.888487	55.371791	0.411652	4.603022	12.319784
9135	9492.960890	52.690831	0.237405	4.637526	12.207897
9137	9495.032885	54.555387	0.180231	4.612354	12.536028
9139	9497.104606	54.532543	0.168372	4.611552	12.689089
9141	9499.177866	56.482139	-0.017229	4.595417	12.557455
9145	9503.322920	54.534002	0.174066	4.611501	12.226797
9147	9505.394657	55.781170	0.028011	4.593181	12.856378
9151	9509.539233	52.994661	0.220000	4.637938	12.588826
9153	9511.611862	53.629392	-0.106725	4.625984	12.420787
9155	9513.684669	53.787254	-0.090031	4.624597	12.230201
9157	9515.756235	55.941927	-6.575981	4.603373	12.401162
9159	9517.829020	55.911039	0.332280	4.602636	12.020461
9161	9519.901030	50.686251	0.287087	4.634772	12.106506
9163	9521.973993	54.717521	0.169851	4.611585	12.573941
9165	9524.046615	56.221401	0.010457	4.594054	12.426041
9167	9526.118891	54.851321	0.272551	4.611879	12.284236
9169	9528.191282	54.492939	-6.648978	4.606587	12.490173
9173	9532.336209	55.614909	0.326240	4.599848	12.105596
9175	9534.408501	53.201241	0.187621	4.632638	12.366163
9177	9536.480498	54.558068	0.181823	4.609908	12.673479
9179	9538.553260	56.385246	0.006509	4.594309	12.400190
9181	9540.625057	53.047150	0.231529	4.638392	12.365183
9183	9542.698168	53.513833	-0.068860	4.623746	12.267962
9185	9544.770055	53.741681	-0.068476	4.625033	12.163185
9187	9546.842558	54.774893	0.152236	4.611751	12.307420
9189	9548.915154	55.777329	0.034231	4.592972	12.146451
9191	9550.987600	55.195859	0.397988	4.600944	12.314336
9193	9553.059732	54.678871	0.273229	4.610218	12.503122
9195	9555.132142	54.838919	0.152952	4.611427	12.428779
9197	9557.204363	53.644552	-0.120223	4.624609	12.689777
9199	9559.276123	53.727211	-0.173113	4.622818	12.301697
9201	9561.348810	56.541706	-6.546656	4.601849	12.512849
9203	9563.421557	54.711692	0.261908	4.609979	12.792775
9209	9569.639328	54.437835	0.367780	4.606852	11.987720
9211	9571.711281	54.700316	0.135713	4.610193	12.602758
9213	9573.782774	54.552968	0.173540	4.608966	12.132814
9215	9575.855897	55.664826	-6.981456	4.605199	12.559907
9217	9577.928435	50.619044	0.277712	4.635396	12.587518
9219	9580.000312	53.533993	-0.125648	4.622710	12.384668
9221	9582.073251	52.925269	-0.112888	4.624461	12.162923
9223	9584.145645	54.595369	0.148643	4.609806	12.391914
9225	9586.217478	54.565653	0.142382	4.610909	12.374006
9227	9588.290080	53.819468	-0.112154	4.621663	12.411454
9229	9590.362109	54.609704	0.135950	4.609808	11.831184
9231	9592.435052	57.326810	-6.697165	4.599372	11.973636
9233	9594.507402	53.010983	0.213824	4.636881	12.604979
9235	9596.579484	53.684420	-0.161112	4.621662	12.773843
9237	9598.651973	56.027737	-0.000229	4.592036	12.301698
9239	9600.724614	55.140678	0.405232	4.599156	12.195685
9241	9602.797267	54.950423	0.373875	4.598753	12.176444
9245	9606.940500	53.173061	0.205133	4.634657	12.486163
9247	9609.014042	56.468305	-6.697548	4.600193	12.094880
9249	9611.086425	54.688181	0.333975	4.607848	12.891209
9251	9613.158398	53.507735	-0.132364	4.623596	12.446852
9253	9615.231093	56.163891	0.033809	4.593991	12.309115
9255	9617.302875	55.383327	0.338007	4.597690	12.332064
9259	9621.448407	53.380010	0.051319	4.622801	12.305182
9261	9623.520392	53.598890	-0.138312	4.622008	12.316005
9263	9625.593290	53.502705	-0.096415	4.622888	12.454037
9267	9629.738503	54.586780	0.350058	4.606529	12.821717
9269	9631.810149	54.557941	0.168595	4.608590	12.225549
9271	9633.882329	53.701050	-0.113752	4.621905	12.509413
9273	9635.955319	56.286657	0.037194	4.594098	12.238002
9277	9640.099433	55.070138	0.392284	4.598425	12.403742
9279	9642.171918	52.564002	0.241723	4.633953	12.332527
9281	9644.244220	56.009191	-6.448344	4.599508	12.793072
9283	9646.316525	53.254087	0.224265	4.633247	12.106702
9285	9648.389669	53.784284	-0.110356	4.621820	12.309661
9287	9650.461776	56.257363	0.045677	4.592982	12.326109
9289	9652.533747	54.769472	0.282197	4.608248	12.160131
9291	9654.606121	54.824985	0.172389	4.609260	12.426388
9293	9656.678578	57.971280	-7.348317	4.622045	12.434793
9295	9658.751279	54.659578	0.316413	4.607876	12.675234
9299	9662.896342	54.674748	0.166084	4.608888	12.302278
9303	9667.041250	55.219006	0.411754	4.597754	12.053582
9305	9669.113074	54.609162	0.290398	4.607548	12.558631
9307	9671.185272	55.997484	-6.442620	4.598766	12.621714
9313	9677.402719	55.253512	0.383804	4.597787	12.203626
9315	9679.475305	54.868606	0.277426	4.608117	12.587713
9317	9681.547677	53.483601	-0.137500	4.620151	12.500629
9319	9683.619954	54.264833	0.088427	4.618753	12.846349
9321	9685.692281	56.547018	-6.545873	4.597427	12.250507
9323	9687.764308	52.388843	0.241360	4.634796	12.032356
9325	9689.836714	53.985092	-2.821660	4.602922	12.641847
9329	9693.981827	51.681597	0.265777	4.632884	11.897055
9331	9696.054411	56.460658	-7.467925	4.626285	12.654336
9333	9698.126594	54.655892	0.311465	4.606164	12.574492
9337	9702.271256	54.726853	0.329236	4.594688	12.135007
9339	9704.343767	53.089326	0.222413	4.633705	12.693830
9341	9706.416239	53.654574	-0.118464	4.620616	12.271505
9347	9712.633017	55.269522	0.304533	4.595423	12.168492
9349	9714.705394	53.018639	0.202085	4.630886	12.702998
9351	9716.778134	55.519197	-0.052079	4.581773	12.676628
9353	9718.850591	54.713448	0.294271	4.606087	12.455798
9355	9720.922687	56.333801	-0.027084	4.587216	12.483007
9357	9722.994729	55.211097	0.308441	4.594198	12.193698
9361	9727.139933	54.635665	0.307461	4.605152	12.508602
9363	9729.212295	53.617086	-0.091105	4.620798	12.352212
9365	9731.284174	56.213997	0.031396	4.590066	12.007047
9369	9735.429185	54.703309	0.258384	4.606485	12.363176
9375	9741.646465	54.675305	0.287971	4.604757	12.233981
9377	9743.718674	55.556931	0.047898	4.588360	12.275198
9379	9745.790724	55.203460	0.422506	4.594461	12.113418
9383	9749.936161	54.903028	0.368327	4.593541	12.482121
9395	9762.370516	52.280109	0.248222	4.632108	12.608380
9397	9764.442124	56.159295	0.038449	4.588881	12.594281
9401	9768.587636	54.727657	0.322682	4.604555	12.844902
9403	9770.659689	56.284861	0.020533	4.589090	12.387931
9407	9774.804158	53.493772	0.171445	4.624682	12.175250
9409	9776.876856	56.077899	0.025878	4.586313	12.806759
9411	9778.949356	54.619047	0.331000	4.604338	12.125111
9413	9781.021186	56.121290	0.007232	4.587530	12.392458
9415	9783.094036	50.240511	0.248493	4.624870	12.431338
9417	9785.166916	56.543871	-0.001308	4.589783	12.470059
9419	9787.239186	54.712022	0.287696	4.604860	12.350592
9421	9789.311457	54.564621	0.174455	4.604295	12.224945
9423	9791.383841	56.259612	0.036606	4.590397	12.340355
9425	9793.456258	54.556587	0.331211	4.603236	12.717987
9431	9799.673157	53.189690	0.236594	4.630476	12.556913
9433	9801.745172	53.280479	-0.067859	4.619496	12.257843
9435	9803.818140	54.619202	0.167848	4.605572	12.232852
9437	9805.890289	53.709742	0.009387	4.617502	12.482645
9439	9807.961714	53.076304	-0.087612	4.618474	12.198958
9441	9810.035093	54.633511	0.161317	4.604872	12.481432
9443	9812.107549	56.345952	0.001522	4.588514	12.513730
9455	9824.541666	55.209877	0.386078	4.594287	12.432291
9457	9826.614070	54.731641	0.251885	4.603871	12.331349
9459	9828.686712	55.995519	0.030023	4.587567	12.468158
9461	9830.759064	53.179054	0.204920	4.629043	12.065145
9465	9834.903877	52.766471	0.192157	4.625795	11.942254
9467	9836.976128	56.064642	-6.526048	4.594954	12.553467
9469	9839.048933	54.757444	0.291610	4.603345	12.946438
9471	9841.121009	57.140344	-6.475823	4.594311	12.206091
9473	9843.193397	54.758645	0.280433	4.603211	12.026098
9475	9845.265973	54.563187	0.156106	4.603619	12.508342
9477	9847.338131	52.928894	-0.036477	4.618959	12.346026
9479	9849.410223	56.574838	-6.492036	4.593750	12.458296
9481	9851.483022	55.939635	0.260728	4.593612	12.823655
9485	9855.627600	54.948739	0.244452	4.604585	12.377184
9487	9857.700163	54.614531	0.180989	4.603421	11.889344
9495	9865.989778	54.380738	0.411347	4.600203	12.226579
9497	9868.062329	54.484151	0.146296	4.603467	12.652428
9499	9870.134376	53.194738	0.005831	4.619057	12.317245
9501	9872.206849	56.147947	0.046643	4.586814	12.560287
9503	9874.279198	55.119557	0.373055	4.592164	12.170153
9505	9876.351628	54.889759	0.324135	4.589366	12.533803
9507	9878.424030	54.611457	0.302515	4.601712	12.546534
9511	9882.567600	56.037707	-6.366099	4.593028	12.303866
9513	9884.641027	54.743437	0.402239	4.601510	12.549383
9515	9886.713082	56.041624	-6.378887	4.593449	12.394308
9517	9888.785890	53.400394	0.201706	4.626599	12.678531
9519	9890.858147	56.080509	0.027598	4.584756	12.162962
9523	9895.003258	52.135257	0.247701	4.627204	12.186207
9525	9897.075574	54.730278	0.164349	4.603043	12.930578
9527	9899.147791	56.273826	-7.435131	4.621033	12.447247
9529	9901.219938	54.571192	0.318519	4.601051	12.458522
9531	9903.292185	56.540347	0.039818	4.588295	12.545377
9535	9907.437027	54.630035	0.312727	4.601003	12.443715
9537	9909.509093	55.845926	0.034710	4.584228	12.267369
9541	9913.654440	54.558646	0.333071	4.600357	12.275346
9543	9915.726694	54.332271	0.187957	4.599763	12.617321
9545	9917.798895	54.572362	0.160817	4.601873	12.760571
9547	9919.871426	56.330337	-7.322598	4.618994	12.301230
9549	9921.943498	54.641150	0.300056	4.600753	12.519730
9551	9924.015794	56.449272	-0.018696	4.583637	12.389793
9553	9926.088072	55.043566	0.349688	4.590176	12.406769
9555	9928.161184	55.384583	0.364274	4.591914	12.301339
9557	9930.232922	54.739462	0.269730	4.602125	12.263858
9559	9932.305833	54.490232	0.170693	4.601431	12.707367
9561	9934.378251	56.113726	0.029532	4.583629	12.576666
9569	9942.667824	53.195331	0.221704	4.627397	12.327766
9571	9944.740312	54.527326	0.150050	4.601193	12.384414
9573	9946.812675	54.730113	0.192531	4.601772	12.815254
9577	9950.957217	53.552580	0.141017	4.615930	12.685478
9583	9957.173670	54.827820	0.369743	4.589059	12.622750
9585	9959.246682	55.921582	0.312200	4.591549	11.979737
9587	9961.319140	55.268352	0.330406	4.588766	12.341236
9589	9963.391796	54.655746	0.310968	4.600229	12.286828
9591	9965.463516	56.062084	-6.513358	4.592468	12.430489
9595	9969.608646	54.978220	0.372913	4.589469	12.265312
9599	9973.753408	54.670695	0.300387	4.599601	12.403734
9601	9975.824818	53.657817	-0.025969	4.613519	12.662395
9607	9982.042591	56.288182	0.002288	4.582427	12.078788
9611	9986.187785	54.800132	0.371162	4.599523	12.454783
9613	9988.259487	53.664308	-0.122586	4.612938	12.340297
9615	9990.331441	54.556094	0.169350	4.600231	12.268516
9617	9992.404942	56.159127	0.041535	4.584840	12.229787
9621	9996.549152	54.622533	0.312789	4.598700	12.716360
9623	9998.622439	55.978322	0.048947	4.584216	12.245160
9625	10000.694659	55.198138	0.352438	4.588720	12.308185
9629	10004.839509	52.057477	0.270036	4.625995	12.023604
9631	10006.911986	52.905518	0.055596	4.615559	11.923246
9633	10008.983872	53.982974	-0.051603	4.610747	12.308435
9641	10017.273810	54.912520	0.379394	4.588333	12.366595
9643	10019.345556	55.073703	0.376169	4.588570	12.322298
9645	10021.417655	54.449177	0.201801	4.582724	12.388634
9647	10023.490697	55.167918	0.295338	4.586661	12.142859
9653	10029.707511	53.435091	0.212398	4.623618	12.511581
9655	10031.780416	54.588542	0.172897	4.598489	12.417336
9657	10033.852673	56.428030	-0.000160	4.581434	12.196801
9659	10035.924408	52.534080	0.232261	4.624037	12.242019
9661	10037.997550	53.561985	-0.138834	4.612335	11.988527
9667	10044.214862	52.287453	0.205816	4.620193	12.453403
9669	10046.287079	56.750359	-0.035956	4.582217	12.159515
9673	10050.430938	54.687109	0.276486	4.597990	12.456492
9675	10052.504108	54.785031	0.180023	4.598774	12.604503
9677	10054.576512	56.210983	-0.002727	4.581363	12.356851
9683	10060.793632	54.581412	0.330658	4.596067	12.569327
9685	10062.864917	53.498249	-0.085269	4.611434	12.556864
9689	10067.010070	53.857009	0.000969	4.609925	12.735646
9691	10069.082976	54.509942	0.160996	4.597906	12.519011
9693	10071.155302	53.526481	-0.091709	4.611788	12.769146
9695	10073.227696	56.003250	0.035080	4.581769	12.315545
9699	10077.372457	52.290037	0.254883	4.624765	12.344185
9701	10079.444747	53.472528	-0.167993	4.610182	12.710743
9703	10081.517475	54.665831	0.187899	4.597633	12.431710
9705	10083.589703	56.041914	-6.367929	4.588319	12.470217
9707	10085.662473	55.238812	0.354532	4.586877	12.776239
9709	10087.734664	53.239499	0.207282	4.621083	12.445768
9711	10089.807215	56.516876	0.012484	4.580949	12.375683
9713	10091.879055	54.642692	0.300948	4.596894	12.246928
9715	10093.951744	55.846110	0.032334	4.579266	12.504987
9721	10100.168609	54.490091	0.365952	4.595175	12.556906
9723	10102.241609	56.121024	0.013977	4.580200	12.314186
9725	10104.313204	53.398814	0.196019	4.620811	12.127886
9727	10106.386052	54.549135	0.161689	4.596985	12.374458
9731	10110.530786	51.926323	0.268821	4.622090	12.309284
9733	10112.603430	52.616763	0.063123	4.613753	12.259329
9735	10114.675828	56.230405	0.050519	4.581083	12.338088
9739	10118.820088	54.748129	0.333410	4.595969	12.510547
9741	10120.892766	53.097562	-0.034375	4.612367	12.673535
9743	10122.964986	54.740980	0.169971	4.597562	12.401545
9745	10125.037121	55.826133	0.007012	4.576699	11.874402
9747	10127.110016	52.891111	0.193711	4.617858	12.554286
9749	10129.181873	53.959152	-6.969478	4.596481	11.951482
9751	10131.254534	54.692271	0.297445	4.595499	12.356161
9753	10133.327119	54.728894	0.171307	4.596999	12.650577
9755	10135.399316	54.514310	0.179800	4.596449	12.548113
9757	10137.471225	55.200877	-7.086103	4.602920	12.243644
9759	10139.544095	52.915424	0.243216	4.623100	11.788481
9761	10141.616157	55.975243	0.067292	4.579531	12.185300
9763	10143.688888	54.482981	0.353787	4.593567	12.209010
9765	10145.761156	54.487142	0.166250	4.595514	12.479552
9767	10147.833863	55.885360	0.052246	4.577801	12.565115
9769	10149.905850	52.807780	0.224584	4.620540	12.539135
9771	10151.978239	53.152197	-0.111190	4.609684	12.268701
9773	10154.050789	54.733748	0.164041	4.596578	12.507054
9775	10156.123053	53.703920	-0.101566	4.609259	12.406146
9777	10158.196085	54.533991	0.169690	4.595276	12.627560
9779	10160.267870	55.000112	-6.433881	4.588702	12.456345
9781	10162.340534	50.854236	0.292868	4.619408	11.986782
9783	10164.412540	53.451228	-1.428078	4.585786	12.105439
9785	10166.485375	52.419239	0.262606	4.621847	12.515748
9787	10168.557591	53.802495	-0.109542	4.607955	12.179074
9789	10170.630085	54.300618	-0.036625	4.605973	12.328208
9791	10172.702334	53.709594	-0.121649	4.608974	12.136482
9793	10174.773961	55.741867	-7.156149	4.593404	12.427710
9795	10176.846213	54.621335	0.279027	4.593951	12.464278
9797	10178.919333	55.555777	-7.172973	4.604941	12.303039
9799	10180.991976	54.747052	0.273801	4.595163	12.655357
9801	10183.064466	56.151135	0.001500	4.575876	12.259043
9805	10187.209062	54.119018	0.482024	4.589529	12.232403
9807	10189.281268	54.573811	0.155823	4.595216	12.619452
9811	10193.425716	54.990037	0.396529	4.583950	12.232490
9815	10197.570643	54.600484	0.309606	4.593306	12.428478
9817	10199.643327	53.252598	-0.017285	4.609031	12.637115
9819	10201.715693	54.625137	0.182725	4.594476	12.136551
9821	10203.787504	53.307325	-0.104639	4.608724	12.326977
9823	10205.860255	54.606727	0.165414	4.593869	12.570502
9825	10207.932900	56.239716	0.025834	4.578005	12.338855
9829	10212.077167	54.592837	0.290568	4.593421	12.393586
9831	10214.149168	56.355099	-6.985823	4.596279	12.501285
9833	10216.222006	55.629696	0.373584	4.584851	12.478647
9835	10218.294149	52.558447	0.224157	4.620050	12.350841
9837	10220.366465	55.382883	-6.534100	4.586085	12.465202
9839	10222.439414	54.890415	0.252714	4.594336	12.233345
9843	10226.584074	52.661261	0.213343	4.617041	12.369091
9845	10228.656442	54.630655	0.158155	4.594086	12.281359
9847	10230.728791	59.812964	-6.961363	4.584378	12.583944
9849	10232.801342	50.498572	0.234555	4.612508	12.229543
9851	10234.873742	54.627194	0.157912	4.593616	12.398953
