num crossings	time (s)	maj axis (mm)	min axis (mm)	theta (rad )	slope (V/s)
6929	431324.423088	55.709337	-2.915068	3.186035	14.380328
6931	431326.501740	54.727795	-2.860951	3.184042	14.697871
6933	431328.580240	54.591044	-2.893792	3.183303	13.860588
6935	431330.659679	54.657808	-2.898236	3.181566	14.790666
6939	431334.816956	54.448957	-2.929273	3.189262	14.304930
6941	431336.896784	54.714783	-2.861478	3.181718	14.633897
6943	431338.976110	54.646134	-2.886861	3.181590	13.912039
6947	431343.134148	53.758852	-2.858850	3.187758	14.010976
6949	431345.213313	54.303603	-2.971034	3.187057	14.037598
6951	431347.291745	53.820156	4.373007	3.188778	14.781717
6953	431349.370341	54.572259	-2.921790	3.179883	14.333899
6957	431353.527733	52.565116	4.457637	3.180014	14.083376
6961	431357.683647	52.651015	2.758491	3.186115	13.856553
6973	431370.149431	53.652629	-2.902360	3.185348	14.379177
6975	431372.227787	54.146180	-2.928609	3.180655	12.994721
6977	431374.304921	53.616769	-2.916209	3.185762	14.719122
6979	431376.382553	54.269610	-2.900807	3.180367	13.889800
6981	431378.461688	53.909502	-2.952589	3.178758	14.060979
6983	431380.538780	54.257654	-2.945689	3.179124	14.084242
6985	431382.617783	54.138797	-2.962048	3.179230	14.521661
6993	431390.930668	55.061912	-3.042473	3.181940	13.835225
6995	431393.010928	54.073479	-2.990684	3.180258	14.757623
6999	431397.166555	53.925397	-3.034730	3.178520	14.240444
7001	431399.246274	53.339209	-2.950581	3.185600	14.542748
7003	431401.325053	54.175287	-3.070823	3.183709	13.805665
7005	431403.403499	53.916011	-3.059668	3.183941	13.821463
7011	431409.641516	53.974764	-3.048397	3.177437	14.545288
7013	431411.719658	53.923233	-3.026017	3.177989	13.357885
7015	431413.799319	54.993364	-3.100419	3.184085	13.539571
7017	431415.877399	53.804324	-3.006708	3.179121	14.272804
7021	431420.034324	54.749794	-3.152086	3.183495	13.943689
7023	431422.112044	53.165634	-3.033305	3.184468	14.097902
7025	431424.190377	53.158443	-3.041847	3.183497	14.003391
7027	431426.268211	53.130837	-3.046291	3.184133	13.856053
7029	431428.345783	53.647088	-3.059825	3.177746	13.781658
7031	431430.424089	53.110217	-3.028329	3.184333	13.874621
7033	431432.501425	53.757278	-3.064401	3.177682	13.917882
7037	431436.657299	53.725086	-3.105373	3.175876	13.720642
7039	431438.734781	54.429038	-3.207906	3.184694	13.747331
7041	431440.812214	53.182283	-3.180577	3.178030	13.941581
7043	431442.889830	55.048623	-3.221815	3.181829	14.478821
7045	431444.968191	53.522138	-3.099012	3.178188	13.902170
7047	431447.046840	53.675987	-3.126155	3.176080	14.101664
7049	431449.125091	53.844059	-3.119243	3.175777	13.897541
7051	431451.203826	53.525916	-3.151666	3.176368	14.304289
7053	431453.281838	54.927351	-3.225646	3.180871	13.566703
7055	431455.359138	54.002710	-3.222613	3.182676	13.921531
7059	431459.517098	55.241617	-3.258471	3.181737	13.179285
7063	431463.674451	54.376697	-3.222567	3.182332	13.463691
7065	431465.753920	53.495774	-3.187048	3.175857	13.541849
7071	431471.990560	52.784603	-3.145460	3.183021	14.126687
7073	431474.069673	51.903872	0.520454	3.182252	13.679846
7077	431478.227513	53.268509	-3.219764	3.174813	13.904215
7079	431480.306423	53.426892	-3.216015	3.174108	13.906219
7081	431482.384720	53.387022	-3.253911	3.172975	13.875289
7083	431484.463141	54.703936	-3.338172	3.179445	13.686839
7085	431486.541532	51.131688	4.314214	3.192767	13.473140
7087	431488.619446	54.676668	-3.357568	3.181407	13.655784
7089	431490.696642	52.686033	-3.224046	3.182615	14.149317
7091	431492.775294	51.468175	-3.627666	3.189219	13.505622
7093	431494.852867	54.404457	-3.373281	3.181215	13.591517
7095	431496.929962	53.329616	-3.347344	3.180124	13.549248
7097	431499.008072	53.238414	-3.255356	3.174073	13.451659
7101	431503.163597	54.578507	-3.398455	3.177826	13.592789
7103	431505.241711	53.252763	-3.253000	3.173963	13.583751
7105	431507.319066	53.231388	-3.282733	3.172519	13.624428
7107	431509.397789	52.948540	-3.291588	3.173843	13.980497
7109	431511.475303	54.115934	-3.367841	3.178280	14.086559
7111	431513.553416	53.437622	-3.392284	3.178269	13.213701
7113	431515.632612	53.118445	-3.360888	3.179692	13.295171
7115	431517.710392	52.554040	-3.270301	3.180768	13.453042
7117	431519.789722	53.127635	-3.300732	3.173386	13.419436
7121	431523.945191	53.018660	-3.318843	3.172276	14.071593
7123	431526.024165	53.832084	-3.369148	3.178340	13.624626
7125	431528.102256	51.522583	3.874301	3.184639	13.807010
7135	431538.497590	52.972468	-3.368592	3.171179	13.114172
7139	431542.655176	52.980830	-3.380425	3.170529	13.447139
7143	431546.812625	53.994340	-3.457850	3.175677	13.661890
7145	431548.890697	53.165178	-3.482177	3.175720	13.279775
7147	431550.969568	53.113727	-3.380632	3.169779	13.804651
7151	431555.125632	52.264168	-3.333026	3.177500	13.629329
7153	431557.203240	51.254134	4.191424	3.169398	13.703962
7155	431559.280868	53.812100	-3.508441	3.175306	13.851762
7157	431561.359013	52.890057	-3.388565	3.169736	13.534222
7159	431563.437464	53.706842	-3.524206	3.175628	13.672026
7161	431565.514720	52.854098	-3.384962	3.169991	13.015519
7163	431567.592494	52.162020	-3.367101	3.176799	13.613238
7167	431571.748048	52.762665	-3.413478	3.169604	13.148317
7177	431582.138519	53.656019	-3.537507	3.173599	13.173177
7179	431584.217779	52.660749	-3.418019	3.170154	12.961631
7181	431586.295606	52.078693	-3.409351	3.177331	13.432242
7183	431588.375118	52.682999	-3.517202	3.176865	13.342486
7191	431596.688970	52.494441	-3.464470	3.169390	13.200300
7195	431600.846614	53.581501	-3.577686	3.173501	13.353139
7197	431602.925498	51.919278	-3.433233	3.176228	13.843995
7199	431605.005264	51.181761	4.130591	3.166108	13.266733
7201	431607.082939	53.298719	-3.591012	3.173347	13.168720
7205	431611.240235	53.009032	-3.587308	3.174848	12.763890
7207	431613.318149	51.850137	-3.469991	3.176425	13.924156
7209	431615.397051	51.091160	-3.923260	3.179291	13.680971
7211	431617.474997	52.534952	-3.525823	3.166770	12.957945
7213	431619.553353	53.288748	-3.592702	3.173413	13.288946
7215	431621.630934	50.824519	4.131164	3.173213	13.357564
7217	431623.709059	51.766428	-3.473969	3.175101	13.568484
7219	431625.786934	52.370342	-3.496417	3.167966	13.080624
7221	431627.864515	51.785198	-3.476689	3.174387	13.213357
7223	431629.942733	51.768986	-3.499209	3.174260	13.115481
7225	431632.020196	52.323543	-3.478222	3.168201	13.205718
7229	431636.176420	53.192149	-3.660743	3.171174	13.699196
7231	431638.253932	52.421092	-3.500293	3.167090	13.188377
7233	431640.332201	52.169345	-3.537344	3.167189	13.359451
7237	431644.488251	50.432959	3.451424	3.176467	13.273186
7239	431646.566979	52.341577	-3.552643	3.165429	13.161126
7241	431648.645390	53.473995	-3.650585	3.170254	13.360002
7243	431650.723243	52.573440	-3.620622	3.172215	13.119760
7249	431656.959434	51.583380	-3.511826	3.173956	13.105960
7255	431663.195924	52.058435	-3.650220	3.164142	13.296840
7259	431667.353205	51.515169	-3.553317	3.173539	13.072007
7261	431669.431538	52.309357	-3.571790	3.166183	13.065375
7265	431673.589530	51.464607	-3.559055	3.172818	13.129311
7267	431675.667625	51.439139	-3.576765	3.172467	12.943606
7269	431677.746405	51.562912	-3.593267	3.172538	13.353958
7271	431679.824673	50.675405	3.938645	3.164855	12.944660
7275	431683.980378	52.105479	-3.719506	3.170359	12.764485
7277	431686.058494	51.420639	-3.599523	3.171956	13.026706
7279	431688.136726	52.051737	-3.725575	3.171260	13.664519
7281	431690.214209	51.965481	-3.611102	3.165577	12.695280
7285	431694.370134	51.357884	-3.606567	3.171976	12.867304
7287	431696.448419	50.961702	-0.097912	3.176797	12.468214
7291	431700.604871	53.147483	-3.778748	3.169050	13.298963
7293	431702.682220	51.354653	-3.629539	3.171544	13.444172
7295	431704.760206	51.300306	-3.642126	3.171612	13.210058
7297	431706.838815	52.334659	-3.750258	3.169376	12.914868
7301	431710.994839	51.280256	-3.628514	3.171522	13.284770
7303	431713.073047	52.010616	-3.640327	3.163890	12.771963
7309	431719.308612	53.085571	-3.797008	3.168685	13.030241
7311	431721.387172	51.845149	-3.699172	3.163742	13.138660
7313	431723.465604	51.676028	-3.721869	3.164025	12.656355
7321	431731.780878	50.418004	3.684365	3.160381	12.842371
7325	431735.938107	51.830702	-3.819371	3.169694	13.103748
7327	431738.016266	50.105572	3.845054	3.163581	12.743533
7333	431744.251568	51.639278	-3.736108	3.163124	13.398389
7335	431746.329545	51.044511	-3.701907	3.170970	13.032032
7337	431748.408123	51.089760	-3.709237	3.170524	12.452601
7339	431750.486002	51.558865	-3.842342	3.169364	13.514624
7341	431752.564498	51.569043	-3.749131	3.163217	13.045298
7343	431754.641846	51.716007	-3.785923	3.161241	12.898824
7347	431758.798205	50.983286	-3.730639	3.170102	13.060665
7349	431760.875622	50.968816	-3.734025	3.169845	12.638957
7351	431762.953379	50.248964	3.638828	3.166413	13.148513
7357	431769.187756	52.485778	-3.895509	3.165990	13.072927
7359	431771.265862	51.916647	-3.886062	3.166397	12.979221
7361	431773.344032	51.778571	-3.886209	3.166727	12.720924
7363	431775.422367	51.796665	-3.879797	3.167413	12.948667
7367	431779.579043	50.896629	-3.753715	3.169612	12.816475
7369	431781.656899	51.620814	-3.876256	3.168569	12.709869
7371	431783.736076	50.837530	-3.764894	3.171208	12.502028
7373	431785.814831	51.462644	-3.888442	3.170756	12.932126
7377	431789.972261	50.128102	-4.270702	3.166798	13.160837
7379	431792.049561	51.371956	-3.830881	3.160538	12.348227
7385	431798.285878	50.762015	-3.769458	3.168486	12.430155
7387	431800.364672	50.738222	-3.792605	3.169076	13.243778
7389	431802.443609	50.764364	-3.794593	3.169246	12.560024
7391	431804.522507	50.719079	-3.808262	3.169288	12.898831
7397	431810.757608	51.233581	-3.867340	3.161539	12.668530
7403	431816.991528	50.687629	-3.815752	3.168285	12.608860
7405	431819.068919	49.582222	-4.480210	3.176269	12.897557
7413	431827.381147	51.269909	-3.863639	3.160187	12.270558
7419	431833.615713	51.185712	-3.834056	3.161174	12.637722
7421	431835.692328	52.141106	-3.979223	3.165285	12.922479
7423	431837.771410	51.106899	-3.853273	3.160834	12.399768
7429	431844.006401	50.574997	-3.851620	3.168286	12.401409
7431	431846.084016	51.041504	-3.887158	3.160742	12.658906
7437	431852.320080	51.162576	-3.965543	3.158368	12.671033
7441	431856.477319	51.123512	-3.947995	3.158889	12.679396
7447	431862.713499	51.109865	-3.935935	3.157881	12.899308
7451	431866.869859	51.258414	-4.028101	3.164617	12.857633
7453	431868.949303	50.380735	-3.902769	3.166642	12.557332
7455	431871.026812	50.369276	-3.912899	3.166607	12.434002
7459	431875.182798	50.958605	-3.947213	3.158995	12.335831
7461	431877.261063	51.709397	-4.060758	3.164737	12.982806
7463	431879.340206	50.923110	-4.059002	3.166017	12.380852
7465	431881.417655	51.203228	-4.063870	3.164795	12.968010
7467	431883.495978	51.027497	-4.025936	3.166102	12.707400
7469	431885.573484	51.180404	-4.068978	3.164315	12.203403
7471	431887.651070	51.108929	-4.067231	3.164707	12.523638
7475	431891.807767	51.008207	-3.986845	3.157449	12.898467
7483	431900.119500	50.790748	-3.987598	3.158804	12.428264
7485	431902.198175	51.666066	-4.088594	3.164621	12.611005
7487	431904.276059	50.226341	-3.954165	3.167584	12.673926
7489	431906.355164	50.607189	-4.052883	3.165717	12.260383
7495	431912.591115	50.210483	-3.957457	3.166149	12.594339
7499	431916.747634	49.051845	-1.754639	3.165524	12.705511
7501	431918.825873	50.611697	-4.025489	3.158456	12.658474
7503	431920.904201	50.733979	-4.072279	3.156548	12.411691
7505	431922.983812	50.936039	-4.028876	3.155714	12.317830
7511	431929.218726	50.638108	-4.035116	3.157689	11.597289
7513	431931.296878	50.070032	-3.985635	3.165980	12.405496
7515	431933.374978	49.372514	-1.705726	3.168885	12.740622
7517	431935.453797	51.334573	-4.128523	3.162490	12.483403
7519	431937.532110	50.785104	-4.115945	3.164175	12.599051
7521	431939.609710	48.678392	3.505170	3.168018	12.247324
7525	431943.766054	50.587746	-4.007579	3.157946	12.598230
7527	431945.844233	50.676533	-4.057139	3.156467	12.456921
7543	431962.468360	49.996358	-4.034604	3.164894	12.479987
7547	431966.625194	50.561665	-4.081434	3.156099	12.503227
7549	431968.702527	50.450734	-4.082145	3.156951	12.066860
7561	431981.174425	49.818499	-4.066935	3.165769	12.201055
7563	431983.251919	50.557594	-4.199480	3.162505	11.949627
7565	431985.331058	50.410202	-4.198734	3.164678	12.253398
7567	431987.409854	50.286479	-4.106327	3.157603	12.838010
7571	431991.566394	51.258971	-4.212176	3.163789	12.829055
7573	431993.645439	50.341596	-4.230013	3.164265	11.930260
7575	431995.723727	50.393049	-4.208755	3.165672	12.433299
7577	431997.801883	50.367233	-4.134591	3.156874	12.366605
7579	431999.880377	49.750519	-4.088218	3.166322	12.282297
7581	432001.959001	48.990791	3.636643	3.163068	11.895649
7583	432004.036667	50.342948	-4.199250	3.154629	12.438149
7589	432010.270718	50.356273	-4.215660	3.153587	12.758077
7591	432012.349843	51.561142	-4.294457	3.161047	12.127529
7593	432014.427451	49.945946	-4.244830	3.162942	11.790528
7595	432016.504845	49.717592	-4.127580	3.164522	12.167852
7597	432018.583376	50.785778	-4.268256	3.161894	11.601616
7599	432020.661482	49.666260	-4.140482	3.164189	12.146889
7601	432022.738500	50.584941	-4.285713	3.161369	12.122329
7603	432024.817561	49.405817	3.149046	3.155803	12.542396
7607	432028.973515	50.232659	-4.152860	3.156044	12.509963
7609	432031.051993	50.340374	-4.203704	3.153767	12.151840
7611	432033.129980	51.302579	-4.311241	3.162111	11.820535
7613	432035.207680	50.340316	-4.263614	3.163676	12.049647
7615	432037.286344	50.046318	-4.179803	3.156732	11.642612
7617	432039.365414	51.099635	-4.294589	3.162654	12.026058
7619	432041.443342	50.122413	-4.203490	3.156421	12.247068
7623	432045.599765	50.263254	-4.254701	3.153095	12.643390
7625	432047.678192	50.184879	-4.238900	3.154607	11.861369
7629	432051.835255	50.061616	-4.243421	3.154719	12.720299
7631	432053.914530	49.532809	-4.159014	3.164159	12.618491
7633	432055.992601	49.529028	-4.176871	3.163922	12.399565
7643	432066.385159	48.565083	3.369354	3.161801	11.895384
7647	432070.541553	48.569781	-1.707999	3.166023	11.879011
7649	432072.619361	50.135503	-4.254628	3.153701	12.029376
7651	432074.697820	50.702236	-4.342398	3.160475	12.064670
7657	432080.930855	49.459655	-4.196390	3.163073	12.180448
7659	432083.009521	48.375251	-0.795171	3.162973	12.081065
7663	432087.165008	49.999803	-4.255757	3.154023	12.234204
7673	432097.556037	48.409960	-4.816526	3.166957	11.910337
7679	432103.791457	49.872423	-4.248899	3.154559	12.144977
7683	432107.948313	48.431377	-4.809770	3.163821	12.016365
7689	432114.183741	48.619071	3.395437	3.156567	11.941437
7691	432116.261996	50.475758	-4.397360	3.159197	12.081718
7693	432118.340868	49.903471	-4.285540	3.153647	11.677522
7697	432122.497510	48.353814	-4.704955	3.171825	11.908691
7699	432124.575960	49.230641	-4.249998	3.162809	12.002555
7701	432126.654208	48.067887	3.438178	3.160860	12.168946
7709	432134.967677	49.783790	-4.282346	3.154292	12.021160
7711	432137.045737	49.869543	-4.334710	3.152440	12.004599
7715	432141.201996	50.132232	-4.433655	3.159041	11.604906
7717	432143.280081	49.853734	-4.299751	3.153097	11.866007
7721	432147.435539	48.407840	1.579283	3.161904	11.984865
7725	432151.591940	49.169277	-4.286066	3.161182	11.869216
7727	432153.669366	48.377712	3.142550	3.157830	12.051034
7731	432157.826233	49.725774	-4.303643	3.153535	11.488088
7735	432161.982722	49.654445	-4.334716	3.153181	11.780553
7739	432166.138638	49.125836	-4.308274	3.160978	11.701301
7741	432168.216872	49.089454	-4.330540	3.160814	12.102338
7743	432170.294798	48.700595	3.161482	3.161060	12.017566
7747	432174.451571	49.699980	-4.483822	3.159013	11.616442
7749	432176.530719	49.078528	-4.342802	3.161496	12.131881
7751	432178.609355	49.021401	-4.352092	3.162009	12.036349
7757	432184.843689	49.505611	-4.368842	3.153791	11.998368
7759	432186.923568	48.994223	-4.352781	3.162498	11.748736
7761	432189.001863	49.031574	-4.350726	3.162226	12.087852
7763	432191.079680	48.965826	-4.370822	3.161303	12.234341
7765	432193.158282	48.986758	-4.386051	3.162014	11.783441
7767	432195.236439	48.006715	3.230408	3.162512	12.144412
7771	432199.393151	48.899295	-4.362720	3.160438	11.451751
7773	432201.471062	48.943419	-4.365491	3.160467	11.842335
7775	432203.550188	49.540916	-4.539269	3.158047	12.003028
7777	432205.627409	48.968096	-4.368987	3.160451	12.336170
7779	432207.705991	49.508559	-4.516063	3.158368	12.292699
7781	432209.784228	48.958885	-4.375491	3.160311	11.402356
7783	432211.861453	48.898662	-4.384290	3.160655	11.864652
7785	432213.939418	49.463099	-4.535970	3.158693	12.078922
7787	432216.017270	48.892554	-4.383349	3.160958	11.738022
7789	432218.095527	48.875714	-4.390904	3.160910	12.066471
7791	432220.173237	49.429272	-4.538256	3.158651	11.519823
7795	432224.329007	49.362943	-4.406754	3.153521	11.883471
7807	432236.799543	47.835596	-2.333873	3.157193	11.832522
7811	432240.956865	49.411261	-4.421364	3.151638	11.746775
7813	432243.034944	48.745587	-4.400880	3.160298	11.878594
7815	432245.113515	49.318289	-4.426650	3.152086	12.068184
7817	432247.191835	48.753982	-4.418454	3.160496	11.892476
7819	432249.270365	49.505297	-4.566376	3.157263	11.604320
7829	432259.661521	48.736629	-4.434064	3.160482	12.003480
7831	432261.740792	49.473154	-4.433142	3.151462	11.340371
7837	432267.974665	48.665632	-4.438865	3.160499	11.425538
7839	432270.052453	47.811904	-4.353853	3.168942	11.990177
7849	432280.443309	49.131678	-4.602405	3.157851	11.759862
7851	432282.520527	49.282445	-4.609836	3.156773	11.969025
7853	432284.599820	49.205552	-4.455647	3.152061	11.064053
7857	432288.755795	48.632500	-4.447854	3.159827	11.359300
7859	432290.834135	49.209098	-4.450739	3.152360	11.567261
7865	432297.067850	49.044656	-4.461613	3.153305	11.467889
7867	432299.146816	48.578120	-4.439733	3.161555	12.217198
7869	432301.224725	49.197344	-4.485185	3.152736	11.761222
7871	432303.303679	49.896195	-4.612062	3.157549	11.788396
7873	432305.382032	48.556967	-4.469255	3.160892	11.851588
7875	432307.459949	49.372524	-4.629318	3.158133	11.386216
7877	432309.539118	48.924827	-4.602381	3.159629	11.758356
7879	432311.617309	49.181578	-4.613868	3.158260	11.862303
7883	432315.774123	49.470186	-4.546341	3.149353	12.051277
7887	432319.932062	48.222236	3.078066	3.156723	11.250833
7891	432324.088071	49.078996	-4.514014	3.152036	11.597197
7895	432328.243664	48.459618	-4.507523	3.160452	11.680097
7897	432330.323079	48.477631	-4.500339	3.160298	11.242708
7901	432334.478384	49.222800	-4.558836	3.149473	11.983015
7903	432336.557268	50.290983	-4.702965	3.156492	11.086532
7905	432338.634450	48.440635	-4.525059	3.160131	12.013787
7907	432340.712760	47.783051	3.065057	3.156927	11.330332
7911	432344.868150	48.948383	-4.659651	3.158080	11.923852
7913	432346.946248	49.304218	-4.677980	3.157533	11.312922
7915	432349.024992	47.854569	-4.517879	3.175065	11.621678
7917	432351.102713	48.902015	-4.578749	3.151927	11.731276
7921	432355.258832	49.145668	-4.609096	3.149758	11.577507
7925	432359.415307	48.350064	-4.525379	3.162516	11.422132
7927	432361.493215	48.336886	-4.534342	3.162441	11.136071
7929	432363.572667	48.088302	3.198341	3.146247	11.702223
7933	432367.729253	48.893074	-4.597518	3.150793	11.435203
7937	432371.885892	48.400269	-4.525319	3.160621	11.528317
7939	432373.964648	48.973187	-4.512178	3.152293	11.525550
7945	432380.200466	48.777614	-4.578579	3.152010	11.274688
7947	432382.277805	48.849518	-4.569718	3.151839	11.568280
7949	432384.356174	48.954604	-4.589065	3.150732	11.613670
7953	432388.512793	48.884760	-4.552984	3.152395	11.334222
7957	432392.668887	49.538179	-4.691845	3.158987	11.455428
7959	432394.747180	47.355531	-4.933981	3.165922	11.528373
7975	432411.371699	48.833617	-4.706247	3.157964	10.913039
7977	432413.450097	48.719595	-4.700607	3.159054	11.614761
7979	432415.528091	48.707961	-4.568263	3.153325	10.971030
7981	432417.605598	48.756441	-4.613128	3.151617	11.713675
7991	432427.998262	48.769672	-4.620771	3.150901	11.275598
7993	432430.075098	48.397731	-4.614653	3.152115	11.602464
7995	432432.154466	49.746182	-4.742294	3.157450	11.350967
8003	432440.467889	49.527530	-4.762945	3.158752	11.636542
8005	432442.546508	48.063037	-4.596323	3.161567	11.653693
8007	432444.623954	48.581547	-4.600167	3.152796	11.588458
8011	432448.780953	48.044264	-4.606301	3.161664	11.507765
8013	432450.859992	48.787333	-4.752897	3.158533	11.159313
8015	432452.938345	47.368728	-3.765802	3.163753	11.582006
8019	432457.094255	48.009588	-4.606080	3.162055	11.350823
8021	432459.172289	48.413799	-4.749614	3.158881	11.472804
8023	432461.250162	48.353553	-4.745863	3.159872	11.655701
8025	432463.329448	48.531485	-4.740105	3.159691	11.502729
8027	432465.407268	47.977907	-4.608044	3.161743	11.053717
8029	432467.485178	48.552207	-4.742607	3.160008	11.146335
8031	432469.563330	48.522464	-4.766501	3.158833	11.224767
8033	432471.641257	48.012661	-4.620198	3.160973	11.162854
8037	432475.797559	47.943789	-4.612846	3.161470	11.579571
8039	432477.875142	48.526687	-4.748509	3.159525	11.766320
8041	432479.952838	47.931400	-4.632148	3.161676	11.330903
8043	432482.031399	48.445664	-4.761234	3.159526	11.054057
8045	432484.108869	48.567238	-4.771001	3.158338	11.484727
8051	432490.343862	48.496238	-4.642649	3.153008	11.019039
8055	432494.500320	48.369541	-4.661227	3.153746	11.162702
8061	432500.736237	46.860370	-5.259730	3.165115	11.268406
8063	432502.814495	48.659512	-4.679876	3.149973	11.484215
8067	432506.972171	48.334838	-4.769161	3.159740	10.936259
8069	432509.048718	47.210637	2.941768	3.162441	11.408547
8073	432513.206181	47.798175	-4.644258	3.162922	11.446301
8075	432515.283958	48.372864	-4.654459	3.153447	11.601788
8077	432517.363537	49.298573	-4.805572	3.159178	11.312381
8079	432519.441206	47.745040	-4.678505	3.161521	11.149356
8081	432521.518918	48.425250	-4.650665	3.152717	11.530027
8083	432523.596842	48.303196	-4.709060	3.152538	11.122584
8087	432527.753213	48.330449	-4.773290	3.159773	11.702226
8089	432529.831034	47.799621	-4.642974	3.161508	11.106489
8091	432531.910124	47.095467	2.914998	3.159312	11.525962
8095	432536.065509	49.456312	-4.828216	3.159100	11.186771
8097	432538.143035	48.257700	-4.808644	3.159658	11.652740
8099	432540.221905	48.248766	-4.786075	3.159808	11.376286
8101	432542.299582	47.098805	-1.962987	3.165111	11.527936
8105	432546.456722	48.391080	-4.633712	3.152658	10.833238
8109	432550.612917	47.695674	-4.645755	3.161794	11.198556
8111	432552.691167	47.235450	2.798292	3.159565	10.867751
8117	432558.926577	46.957701	2.802724	3.158619	10.799868
8119	432561.004275	48.319617	-4.710758	3.151548	11.434082
8121	432563.081817	48.241458	-4.710844	3.152713	11.295414
8129	432571.396352	48.331378	-4.658408	3.152989	11.120275
8133	432575.553084	47.303515	2.842787	3.155574	11.105661
8139	432581.787444	47.618644	-4.677550	3.161746	11.518276
8141	432583.866008	46.838463	2.876063	3.166229	10.795810
8143	432585.943872	47.570082	-4.666265	3.161844	11.620570
8145	432588.021090	48.269008	-4.829156	3.158474	11.206018
8147	432590.100138	47.588669	-4.682916	3.162223	11.085837
8149	432592.178135	47.575921	-4.674045	3.162276	10.882619
8151	432594.256354	46.581323	-3.309648	3.166945	11.545314
8155	432598.411755	48.066185	-4.674115	3.154507	10.988955
8159	432602.569198	48.073852	-4.674259	3.154075	11.265941
8163	432606.724975	48.005157	-4.823416	3.159892	11.373676
8165	432608.803008	48.199359	-4.825610	3.160374	11.134454
8167	432610.881136	47.538214	-4.683012	3.163241	11.187022
8169	432612.958877	48.086135	-4.837597	3.160612	11.105185
8171	432615.037442	46.997563	0.887102	3.153827	11.202974
8173	432617.115958	47.497305	-4.690608	3.163407	11.296565
8175	432619.194200	46.689182	-4.089214	3.164295	11.118129
8183	432627.506080	48.838215	-4.861976	3.159557	11.229922
8185	432629.585551	46.630352	-3.357616	3.162140	11.263540
8193	432637.899097	48.818811	-4.866966	3.159667	10.880092
8195	432639.976821	47.917380	-4.820700	3.162597	11.242391
8197	432642.055564	46.577601	3.024474	3.164304	10.223566
8201	432646.211400	48.313569	-4.878403	3.161050	11.267934
8203	432648.290521	47.413031	-4.709438	3.164905	11.097641
8205	432650.369485	47.947678	-4.704972	3.154410	11.378797
8209	432654.526253	47.975418	-4.839512	3.163243	10.666571
8211	432656.603472	47.796155	-4.841486	3.162565	11.212609
8213	432658.681354	46.471162	-4.438837	3.171056	11.114633
8217	432662.836945	47.347382	-4.698286	3.164883	11.541831
8219	432664.914973	47.988679	-4.706060	3.155105	10.882543
8221	432666.994085	47.948648	-4.754690	3.154698	10.756760
8223	432669.071347	47.338735	-4.690079	3.164340	11.607021
8225	432671.150144	47.813957	-4.722336	3.156167	11.278926
8227	432673.227927	47.359753	-4.712368	3.163374	10.994000
8229	432675.305828	47.894631	-4.845217	3.161183	11.830909
8231	432677.384740	48.147141	-4.870626	3.160076	10.369674
8233	432679.462603	47.793521	-4.855674	3.161933	11.161659
8235	432681.539387	46.999733	2.803545	3.156100	11.167931
8237	432683.618895	47.326910	-4.716669	3.164096	10.773926
8239	432685.696293	47.820293	-4.714492	3.156226	11.415570
8243	432689.854217	47.308968	-4.724107	3.163742	10.777323
8245	432691.930814	47.289696	-4.704467	3.164235	11.265322
8247	432694.009970	46.393113	-4.033443	3.161456	10.645799
8249	432696.087656	47.250410	-4.726149	3.164667	11.401892
8251	432698.166892	46.538623	-4.394757	3.166938	11.517628
8259	432706.479996	47.251517	-4.713250	3.164365	11.065750
8261	432708.558046	47.821234	-4.721247	3.155976	11.067031
8263	432710.636010	47.233755	-4.716657	3.164432	10.883724
8265	432712.714590	47.716066	-4.871962	3.162253	10.990602
8267	432714.792793	46.457041	2.751117	3.163099	11.365297
8271	432718.949750	47.715547	-4.876355	3.162352	10.887290
8273	432721.027123	47.612667	-4.749068	3.156795	10.808258
8279	432727.261338	46.121357	-2.432105	3.170694	11.171631
8283	432731.417553	47.771973	-4.781236	3.155145	10.748680
8285	432733.495964	47.197137	-4.744901	3.165368	11.091906
8287	432735.573998	47.615547	-4.895522	3.164151	10.757622
8289	432737.652896	46.381858	-0.495812	3.170966	10.919388
8291	432739.730359	47.642248	-4.806425	3.156901	10.723992
8293	432741.808399	47.808460	-4.784603	3.154187	10.859008
8297	432745.964932	47.793958	-4.732535	3.156888	11.142600
8301	432750.120728	47.757735	-4.773405	3.156079	10.586835
8305	432754.277986	47.146239	-4.736727	3.165808	11.016174
8307	432756.356763	47.656551	-4.735697	3.157392	10.661363
8311	432760.511737	47.832506	-4.894554	3.163414	10.816304
8313	432762.591568	47.734099	-4.718991	3.156741	10.922100
8319	432768.825778	47.751056	-4.801314	3.155457	11.320357
8323	432772.983022	47.742605	-4.868572	3.164140	10.204057
8325	432775.059537	47.088540	-4.749126	3.166137	11.303184
8327	432777.139200	47.089724	-4.755588	3.166259	10.563175
8329	432779.217919	47.685686	-4.905234	3.162932	10.332543
8337	432787.529480	47.022950	-4.747693	3.168114	11.491469
8343	432793.764224	47.522288	-4.807418	3.157469	11.049759
8345	432795.842384	47.014860	-4.761969	3.167075	10.546707
8347	432797.921222	47.542216	-4.899444	3.164400	11.009132
8349	432799.998751	47.573808	-4.907136	3.163158	10.894900
8351	432802.077860	47.670743	-4.902379	3.164422	10.977296
8353	432804.153716	47.543798	-4.734628	3.158684	10.987260
8357	432808.311778	47.558966	-4.892580	3.163907	11.196795
8365	432816.623395	47.346062	-4.875966	3.165781	10.827327
8367	432818.702069	47.018488	-4.738305	3.167384	11.143938
8369	432820.780460	46.933524	-4.748162	3.167640	11.330817
8371	432822.858759	47.462276	-4.874933	3.165372	10.916837
8373	432824.936208	47.200452	-4.782118	3.159209	10.424773
8383	432835.327803	46.887109	-4.741613	3.168512	10.653857
8385	432837.406776	47.486429	-4.743352	3.158781	11.246172
8387	432839.483926	46.857117	-4.753910	3.168189	10.960782
8389	432841.562954	47.453597	-4.891907	3.165141	10.855743
8391	432843.641304	47.531881	-4.912749	3.164587	10.799268
8393	432845.720522	45.945899	-5.252108	3.168545	10.766356
8399	432851.954749	46.865140	-4.773832	3.168749	10.687990
8401	432854.032685	47.329151	-4.904417	3.165655	10.870852
8403	432856.111132	47.332162	-4.893693	3.166571	10.969404
8405	432858.188484	46.320866	2.778999	3.159536	10.921456
8407	432860.266812	46.871786	-4.755830	3.167608	10.955446
8409	432862.345448	47.499903	-4.734402	3.158544	10.928272
8411	432864.422964	47.499372	-4.817505	3.157723	11.165611
8415	432868.578667	47.401187	-4.812215	3.158809	10.644469
8423	432876.891331	47.529398	-4.830891	3.157284	11.094552
8425	432878.969921	47.424001	-4.813485	3.158320	10.703197
8429	432883.125742	47.400000	-4.811416	3.159126	10.934965
8435	432889.360747	47.411977	-4.927081	3.166508	10.948799
8437	432891.439871	47.391010	-4.901750	3.167805	10.669746
8439	432893.517267	47.333257	-4.786326	3.160900	10.735266
8443	432897.673700	47.324154	-4.826555	3.160027	10.696813
8447	432901.830727	47.432673	-4.838196	3.158476	11.255100
8449	432903.909599	46.720672	-4.771170	3.170247	10.338634
8451	432905.988332	47.469216	-4.774348	3.159501	10.620527
8457	432912.222544	46.727814	-4.787359	3.168444	11.188627
8459	432914.300708	47.288612	-4.929635	3.165397	11.072798
8461	432916.378746	47.387656	-4.923756	3.165497	10.609678
8463	432918.456076	47.265944	-4.754788	3.160435	11.184846
8467	432922.613172	46.709870	-4.780491	3.169220	10.773097
8469	432924.690555	45.845119	-5.322679	3.174168	11.062241
8475	432930.924900	46.715295	-4.775313	3.169678	11.229306
8477	432933.003046	47.224051	-4.786182	3.161256	10.179162
8481	432937.159055	47.204388	-4.777254	3.161566	10.784271
8489	432945.471397	47.125949	-4.918266	3.168225	10.744150
8491	432947.550219	47.223847	-4.775934	3.161268	10.652588
8495	432951.706814	47.120717	-4.837644	3.161633	10.954933
8501	432957.941650	46.605766	-4.775217	3.172837	11.218874
8503	432960.020227	45.804003	-5.112771	3.171934	10.919890
8507	432964.177006	46.616657	-4.763964	3.172249	10.587621
8509	432966.255638	46.633130	-4.774017	3.171737	10.383506
8511	432968.333551	46.609337	-4.777100	3.171303	10.792231
8513	432970.411860	45.759300	-3.597414	3.169028	10.649933
8517	432974.568611	47.261069	-4.849289	3.159975	11.298804
8525	432982.881297	47.927354	-4.967449	3.169496	10.573634
8527	432984.959717	46.575202	-4.349197	3.184784	10.411182
8535	432993.270732	47.163193	-4.798743	3.162868	10.929022
8545	433003.661548	46.578916	-4.798607	3.172980	10.808142
8547	433005.739831	46.556162	-4.800399	3.172940	10.692245
8549	433007.818243	47.133110	-4.803110	3.163387	10.124011
8553	433011.974746	47.127364	-4.956008	3.170931	10.486788
8555	433014.052968	46.839438	-4.929017	3.171849	10.599068
8557	433016.130311	46.041155	2.966959	3.168526	10.842169
8563	433022.366127	46.451461	-4.800687	3.173982	10.394904
8565	433024.444710	45.882949	-2.465944	3.167525	9.948134
8567	433026.522066	47.033841	-4.863086	3.163209	10.580979
8571	433030.680137	46.440351	-4.808944	3.173656	10.488459
8573	433032.757623	45.700950	-5.255718	3.177749	10.876692
8577	433036.914423	47.010479	-4.958095	3.170723	10.415668
8583	433043.148504	46.461709	-4.804140	3.172987	10.495239
8585	433045.227076	46.900296	-4.827156	3.165093	11.261864
8591	433051.460852	47.029414	-4.970748	3.171327	11.266251
8593	433053.539120	46.405487	-4.824675	3.174754	10.252607
8595	433055.616502	46.938964	-4.824299	3.165419	10.833947
8599	433059.773885	46.396615	-4.824312	3.175169	10.442017
8601	433061.851572	46.996275	-4.979535	3.170667	10.536621
8603	433063.930047	45.602572	2.674612	3.169874	10.938496
8609	433070.163401	46.370812	-4.833299	3.174226	10.746889
8611	433072.241747	45.465521	-4.026760	3.173123	11.115214
8615	433076.398325	46.948854	-4.879282	3.163305	10.561541
8619	433080.554339	46.975430	-4.979924	3.170902	10.538857
8621	433082.633564	46.773445	-4.961193	3.172048	10.481025
8623	433084.711908	46.347791	-4.826110	3.174357	11.025155
8629	433090.946102	46.647132	-4.843475	3.166385	10.375548
8631	433093.025163	47.627579	-4.985618	3.171668	10.859542
8633	433095.102519	45.412317	2.832869	3.177645	10.854486
8635	433097.181662	46.981566	-4.907448	3.162541	10.310902
8637	433099.259659	47.036850	-4.873489	3.162931	10.600957
8641	433103.416318	46.696668	-4.951458	3.173243	10.219501
8643	433105.493148	46.787790	-4.839467	3.166570	10.995513
8649	433111.728360	46.281451	-4.834079	3.175585	10.810035
8651	433113.807117	46.305491	-4.832391	3.175286	10.497249
8653	433115.884181	46.782743	-4.820655	3.166484	10.256294
8659	433122.118389	46.839061	-4.813440	3.166236	10.820291
8661	433124.196589	46.808099	-4.879341	3.164877	10.877106
8665	433128.352391	46.245207	-4.843689	3.175757	10.936473
8679	433142.900624	46.209196	-4.837084	3.176327	10.420166
8681	433144.978181	46.725301	-4.840854	3.167495	10.377189
8689	433153.291531	45.277540	2.470866	3.179204	11.016274
8691	433155.370777	46.161130	-4.833973	3.177145	10.029137
8693	433157.448795	45.538873	-5.283222	3.184596	10.468446
8695	433159.526165	46.671310	-4.890933	3.166836	10.683125
8697	433161.605361	46.831711	-4.885321	3.165469	10.491452
8703	433167.840213	45.401021	-2.330059	3.176479	10.445265
8705	433169.917505	46.758473	-4.885309	3.165980	11.091340
8707	433171.996366	46.938861	-4.888258	3.164908	10.600995
8709	433174.073527	46.168947	-4.843410	3.176907	10.365230
8711	433176.152121	46.474211	-4.961825	3.175394	10.581440
8713	433178.231013	45.365975	2.655333	3.176893	10.385457
8719	433184.465474	46.123194	-4.843829	3.177861	10.463274
8721	433186.542978	46.479871	-4.974090	3.176242	10.709208
8723	433188.621150	46.574965	-4.837003	3.169184	10.524756
8725	433190.700196	46.788038	-4.934140	3.165506	10.149661
8729	433194.855978	46.745016	-4.890162	3.165737	10.820763
8733	433199.010911	46.719623	-4.903885	3.166479	10.609880
8737	433203.166919	47.545898	-5.004188	3.174191	10.475788
8739	433205.246083	46.510935	-4.979501	3.175596	10.604357
8745	433211.480634	46.695741	-4.826891	3.168505	10.829200
8747	433213.557924	46.065700	-4.830717	3.178157	10.742019
8749	433215.637415	46.617674	-4.852155	3.168855	10.635461
8751	433217.715045	46.074009	-4.839259	3.178420	10.697274
8753	433219.793671	46.080991	-4.842723	3.178098	10.361112
8755	433221.872185	46.652609	-4.986020	3.175820	10.470271
8757	433223.949859	46.726636	-4.991673	3.174422	10.098246
8759	433226.027863	46.082488	-4.846173	3.178323	10.899061
8761	433228.106506	46.567199	-4.838939	3.169757	10.793478
8765	433232.263562	45.112996	-2.173321	3.175588	10.806912
8769	433236.419623	46.461259	-4.981516	3.177001	10.404025
8773	433240.575898	46.634362	-4.907794	3.166901	10.456504
8777	433244.732403	46.613746	-4.902480	3.167863	11.000545
8783	433250.966409	46.470772	-4.984803	3.176644	10.462109
8785	433253.044449	46.417673	-4.986682	3.176196	10.185026
8787	433255.124220	45.088530	-3.228043	3.178056	10.885330
8789	433257.201334	46.735537	-4.893013	3.167205	10.511245
8793	433261.357182	45.543171	2.949554	3.169518	10.686796
8801	433269.669705	46.584099	-4.900563	3.167932	10.167694
8803	433271.747391	46.624463	-4.898319	3.168248	10.843742
8805	433273.825373	47.136919	-5.014191	3.175917	10.479427
8809	433277.981915	46.534114	-4.898908	3.169583	10.747194
8811	433280.061065	46.497916	-4.901411	3.169099	10.159230
8813	433282.138863	46.390982	-4.889800	3.170863	10.170639
8821	433290.452737	46.285004	-4.974303	3.179027	10.290601
8823	433292.529662	46.418350	-4.995619	3.177539	10.188752
8825	433294.608341	45.942237	-4.836401	3.180495	10.796531
8827	433296.685853	46.383417	-4.836258	3.170864	10.237176
8833	433302.921158	46.449367	-4.837309	3.171928	10.578424
8837	433307.077250	46.395813	-4.885977	3.170672	10.593951
8839	433309.155649	47.004178	-4.997552	3.177316	10.533651
8841	433311.234024	44.876836	-5.381179	3.181506	10.488536
8843	433313.308980	46.446283	-4.873458	3.169793	10.641573
8847	433317.468090	46.464022	-5.027997	3.177518	10.445863
8849	433319.545462	46.345757	-4.936851	3.181083	10.818299
8851	433321.623265	45.855312	-4.835082	3.183264	10.389157
8853	433323.702309	45.386434	3.004719	3.188207	10.171119
8857	433327.857981	46.427919	-5.016629	3.177345	10.460839
8859	433329.938104	46.490188	-4.818718	3.171989	10.584490
8861	433332.014581	46.811765	-5.020547	3.178642	9.886739
8863	433334.092376	46.366254	-4.820415	3.174000	11.155614
8875	433346.561835	46.179871	-4.977534	3.180414	10.366266
8877	433348.640844	46.207347	-4.960224	3.181604	9.973934
8879	433350.718203	45.314015	-0.216762	3.183501	10.528050
8881	433352.796666	46.323239	-4.887537	3.172186	10.438655
8885	433356.952000	46.331878	-4.879432	3.172967	10.409346
8887	433359.031334	45.786378	-4.814212	3.183561	10.461818
8889	433361.110819	46.238416	-4.836256	3.174862	10.366125
8893	433365.265692	45.784825	-4.840842	3.182734	10.528067
8895	433367.344359	46.352297	-4.965964	3.180583	10.261286
8905	433377.735164	46.387541	-4.988372	3.180509	9.972231
8907	433379.813202	45.740222	-4.839956	3.183624	10.553271
8909	433381.890406	45.353372	0.896436	3.192213	10.070837
8915	433388.124578	45.753979	-4.828669	3.183607	10.296453
8917	433390.204367	44.702004	-5.509818	3.179407	10.642855
8919	433392.281641	46.332349	-4.875222	3.172903	10.864750
8925	433398.515725	44.971192	-5.329865	3.189059	10.756110
8935	433408.906954	46.321981	-4.899188	3.173097	10.567606
8943	433417.219465	46.229822	-4.881055	3.174572	10.204310
8951	433425.533967	46.126498	-4.887755	3.174599	10.341063
8955	433429.689846	45.647422	-4.824377	3.185051	10.291128
8957	433431.767839	46.193916	-4.826445	3.176387	10.703633
8961	433435.924272	45.631241	-4.830083	3.185862	10.730288
8963	433438.003087	44.864192	-2.595633	3.186675	10.483638
8965	433440.081123	46.110233	-4.876235	3.176221	10.237866
8969	433444.236857	45.623860	-4.829906	3.185924	10.079314
8973	433448.392183	46.214163	-4.813928	3.176273	10.191146
8977	433452.548619	44.856173	0.686741	3.184975	10.645936
8979	433454.626895	46.324009	-4.873774	3.173452	10.311256
8983	433458.783394	45.576166	-4.825196	3.186669	10.192433
8985	433460.861267	45.400958	2.756589	3.180882	10.084471
8987	433462.940232	46.773901	-4.986074	3.183428	10.310490
8989	433465.017063	45.577249	-4.815790	3.186781	10.947288
8991	433467.096117	46.081759	-4.973562	3.184854	10.418949
8993	433469.173701	46.029695	-4.961691	3.185250	10.147876
8995	433471.251249	46.196112	-4.974617	3.183698	10.400486
8997	433473.331153	45.566794	-4.827822	3.187063	10.039998
8999	433475.407955	45.576771	-4.832983	3.187323	10.658056
9001	433477.486839	46.062775	-4.832815	3.177841	10.563454
9003	433479.565778	46.111026	-4.877608	3.176341	10.443193
9005	433481.644143	46.215740	-4.871420	3.175729	10.533681
9007	433483.722453	46.297439	-4.879484	3.174562	10.639468
9011	433487.878398	45.553615	-4.830083	3.187699	10.571067
9013	433489.955986	46.049157	-4.974631	3.184561	10.468693
9015	433492.035486	45.546008	-4.831814	3.187605	10.441656
9017	433494.113361	44.603353	-0.639503	3.186593	10.524642
9023	433500.346495	45.530698	-4.824639	3.188251	10.305390
9029	433506.581235	44.611963	-2.800637	3.192595	10.882016
9041	433519.050462	46.256614	-4.856717	3.176867	10.262010
9049	433527.362809	46.022458	-4.937355	3.187843	10.269490
9051	433529.439916	45.958834	-4.956072	3.187262	10.602521
9053	433531.518950	45.967956	-4.936529	3.188167	10.477257
9055	433533.597321	46.069327	-4.793668	3.180741	10.454672
9057	433535.674948	45.475701	-4.792168	3.191321	10.329523
9059	433537.754839	46.042914	-4.817329	3.181103	10.237404
9061	433539.831895	46.020352	-4.860763	3.179987	10.186397
9063	433541.911194	45.465519	-4.789234	3.191132	10.110023
9065	433543.988961	45.901600	-4.944666	3.188110	10.295359
9067	433546.066888	45.869964	-4.927573	3.188798	10.435094
9069	433548.145524	45.461984	-4.803991	3.190753	10.319089
9071	433550.223068	45.929299	-4.792932	3.182390	10.347080
9073	433552.301688	45.467399	-4.779108	3.191400	10.062774
9075	433554.379391	45.474161	-4.779415	3.191035	10.254947
9077	433556.457514	46.021262	-4.782213	3.181950	10.618888
9079	433558.536301	45.494308	-4.778113	3.191518	10.108079
9081	433560.614543	45.962202	-4.932368	3.188369	10.504636
9083	433562.692069	45.428665	-4.785847	3.191607	10.325608
9085	433564.770390	44.819705	2.911910	3.185325	10.198798
9089	433568.926446	45.978709	-4.830453	3.177950	10.597267
9091	433571.005455	45.915494	-4.857825	3.180419	10.431039
9093	433573.083052	46.628003	-4.943178	3.188866	10.395699
9097	433577.239202	45.893902	-4.781596	3.183060	9.967053
9103	433583.472819	46.627968	-4.958717	3.187038	10.035574
9105	433585.550803	44.471535	-5.306342	3.194166	10.620064
9107	433587.629052	45.436753	-4.780030	3.191692	10.224979
9109	433589.708193	45.994002	-4.952962	3.189204	10.117001
9111	433591.785937	45.966528	-4.780356	3.182024	10.546920
9115	433595.942569	45.411458	-4.792034	3.191906	10.226144
9121	433602.177195	46.039005	-4.917022	3.189826	10.296203
9125	433606.333132	45.936980	-4.922665	3.189682	10.202518
9127	433608.410495	45.819257	-4.951276	3.189370	10.668423
9129	433610.490347	45.415012	-4.774752	3.192429	10.486783
9131	433612.568489	45.970512	-4.916565	3.191075	10.101150
9133	433614.645805	45.845023	-4.780251	3.184378	10.362411
9135	433616.725193	45.363651	-4.771621	3.193397	9.930337
9137	433618.802095	45.360493	-4.782164	3.193391	10.237069
9139	433620.880822	45.365997	-4.786616	3.193351	10.229660
9141	433622.958422	44.900587	2.829432	3.187869	10.076073
9143	433625.037582	45.958718	-4.840616	3.182711	10.354206
9145	433627.114883	46.014703	-4.841214	3.180187	10.418167
9153	433635.427568	45.355495	-4.775503	3.193402	9.979836
9155	433637.504885	45.945493	-4.775894	3.183373	10.141420
9157	433639.583280	45.879212	-4.829341	3.182171	10.040979
9159	433641.662751	45.954254	-4.836328	3.181380	9.917158
9161	433643.739175	45.322946	-4.773328	3.193102	10.859261
9163	433645.818139	45.947843	-4.766816	3.183568	9.743518
9167	433649.974357	45.826616	-4.750700	3.185504	10.669315
9169	433652.052186	45.962510	-4.831329	3.182331	9.757631
9175	433658.286299	45.764161	-4.789991	3.185931	9.726323
9177	433660.364939	45.314090	-4.776903	3.195277	10.354767
9179	433662.443248	45.307044	-4.784880	3.195227	10.109024
9181	433664.521748	45.896201	-4.795049	3.184564	10.095506
9185	433668.678563	45.912462	-4.822059	3.183882	9.929644
9189	433672.834096	45.858514	-4.930215	3.192777	10.651770
9191	433674.912755	45.349756	-4.765532	3.196039	10.589638
9193	433676.990658	45.954330	-4.772181	3.185546	10.723848
9195	433679.069432	45.295388	-4.780792	3.195057	10.095743
9197	433681.148453	44.600216	-5.458372	3.193343	10.418729
9201	433685.304848	44.649110	-4.213452	3.196942	10.188425
9205	433689.460113	45.314289	-4.764765	3.195202	10.731750
9207	433691.538407	45.968397	-4.765685	3.184990	10.644511
9213	433697.772563	45.892406	-4.928732	3.192995	10.010405
9215	433699.850791	45.248912	-4.786816	3.196037	10.498689
9217	433701.928347	45.266387	-4.782993	3.196122	10.225223
9219	433704.007057	45.928439	-4.933237	3.192942	10.408429
9221	433706.084636	45.853571	-4.908263	3.194363	10.427759
9225	433710.240953	45.224194	-4.765132	3.196582	10.242380
9227	433712.317849	44.585428	2.807962	3.194115	10.258012
9231	433716.475642	45.767185	-4.900348	3.194468	10.397252
9233	433718.552750	44.600267	2.492259	3.193831	9.876324
9235	433720.631129	45.881426	-4.825588	3.183290	10.065189
9237	433722.708744	45.210220	-4.737015	3.196606	10.279491
9239	433724.788111	44.822019	3.030367	3.179436	10.291625
9241	433726.866092	45.650226	-4.837199	3.187414	9.890988
9243	433728.943853	46.503799	-4.921886	3.194759	10.364158
9245	433731.022379	45.752831	-4.884919	3.196106	10.115169
9247	433733.100127	45.787739	-4.911868	3.195831	9.625270
9249	433735.178796	44.531483	-0.967181	3.192529	10.768521
9253	433739.335746	45.204745	-4.745380	3.198685	10.363201
9255	433741.414164	45.798499	-4.892876	3.197377	10.152307
9257	433743.492057	45.676007	-4.759199	3.190535	9.992214
9259	433745.570613	46.303335	-4.895044	3.198464	10.302685
9261	433747.647992	45.692288	-4.900428	3.197964	9.972854
9263	433749.727039	45.168948	-4.742126	3.200047	10.313600
9265	433751.804713	44.313755	-1.164590	3.195323	10.163562
9277	433764.273706	45.680765	-4.884870	3.196544	10.242923
9279	433766.351382	45.554008	-4.906102	3.196465	10.015047
9281	433768.429275	45.784038	-4.896590	3.195922	10.413174
9283	433770.507401	45.615589	-4.884564	3.197093	9.958836
9285	433772.586192	45.218506	-4.734425	3.198597	10.112663
9287	433774.663499	45.755913	-4.738078	3.188844	10.338440
9291	433778.820220	45.708129	-4.795948	3.188005	10.500291
9293	433780.898198	45.142775	-4.729855	3.199815	10.206096
9295	433782.975803	45.128661	-4.729183	3.199963	9.923535
9297	433785.054296	45.596813	-4.870944	3.198241	10.479070
9299	433787.132145	45.731509	-4.885578	3.196831	9.804515
9301	433789.210013	45.660329	-4.720634	3.190901	10.509271
9307	433795.444324	45.163863	-4.726971	3.201105	10.426147
9309	433797.522974	45.623346	-4.754266	3.191018	9.832967
9315	433803.759059	46.430346	-4.890382	3.199058	10.103937
9317	433805.836749	45.547181	-4.865411	3.199860	10.136741
9319	433807.914961	45.619993	-4.725138	3.192624	10.335262
9321	433809.993923	46.389087	-4.876220	3.200481	9.783919
9323	433812.071416	45.094542	-4.737388	3.202669	9.969996
9325	433814.149867	45.759034	-4.716593	3.191699	10.144404
9331	433820.384020	45.541265	-4.858790	3.200305	10.268572
9339	433828.696839	45.783379	-4.780337	3.189725	10.509905
9341	433830.774331	46.136476	-4.898660	3.199355	10.186881
9343	433832.852740	44.138103	-5.238978	3.206637	10.149208
9347	433837.009065	45.069556	-4.736571	3.202596	9.778718
9353	433843.242962	45.459941	-4.884476	3.200759	10.335539
9355	433845.319998	45.072043	-4.735423	3.202700	9.686229
9357	433847.399378	45.943500	-4.896736	3.199814	10.135206
9359	433849.476781	45.047007	-4.741321	3.202523	10.312003
9361	433851.554563	45.566134	-4.724788	3.191702	9.866555
9365	433855.710552	45.525432	-4.765727	3.192679	9.904499
9369	433859.868114	45.007190	-4.729107	3.203578	10.278743
9371	433861.946663	45.551031	-4.742710	3.193169	9.562779
9373	433864.024995	45.984583	-4.867862	3.200462	10.373530
9379	433870.258579	45.384776	-4.869548	3.201958	10.378919
9381	433872.337037	45.600251	-4.712612	3.194753	10.237011
9383	433874.416419	45.017755	-4.698165	3.205309	10.566914
9387	433878.572966	45.645658	-4.790227	3.191722	9.759185
9391	433882.729139	45.342432	-4.847611	3.203317	10.218889
9395	433886.885693	45.604397	-4.772556	3.193554	10.015027
9401	433893.120380	44.998140	-4.716945	3.204505	10.222458
9407	433899.354234	44.995534	-4.737256	3.204857	10.340783
9409	433901.431860	45.499135	-4.867295	3.201401	9.590209
9411	433903.509844	45.613833	-4.713933	3.194244	9.944434
9413	433905.587159	45.485990	-4.775256	3.193387	10.250168
9415	433907.665371	45.008254	-4.712950	3.204485	9.990204
9417	433909.743889	45.491737	-4.720784	3.195851	10.447712
9421	433913.899551	45.569185	-4.691729	3.194609	10.374708
9435	433928.447658	44.996793	-4.686831	3.204716	9.913404
9439	433932.603950	45.550307	-4.854971	3.203780	10.263768
9441	433934.680394	44.258492	0.759888	3.205199	9.872191
9443	433936.759272	45.535830	-4.761755	3.194059	9.940261
