num crossings	time (s)	maj axis (mm)	min axis (mm)	theta (rad )	slope (V/s)
5805	20745.089931	54.447908	-0.437433	2.554218	4.707673
5809	20749.262881	54.321703	-0.459169	2.559479	4.885482
5811	20751.349875	53.699079	-0.290654	2.561660	4.922851
5813	20753.436889	53.628470	-0.345686	2.569922	5.022053
5817	20757.609289	54.195463	-0.431755	2.563652	4.990349
5819	20759.695911	53.596161	-0.331333	2.561267	4.883108
5825	20765.955190	51.766265	-0.475369	2.550559	4.934031
5829	20770.128436	53.570706	-0.305081	2.560874	4.917425
5831	20772.215043	53.639104	-0.426086	2.553777	4.855356
5833	20774.301632	53.679690	-0.292463	2.560323	4.794001
5835	20776.388031	53.692051	-0.436554	2.550787	4.867783
5839	20780.561243	54.155220	-0.376677	2.558530	4.926948
5841	20782.647058	54.763250	-0.452148	2.550674	4.892252
5843	20784.733654	53.449018	-0.380742	2.556059	4.852308
5847	20788.907283	52.246270	-0.400707	2.554870	4.814916
5849	20790.993840	53.722715	-0.441224	2.549235	4.929268
5851	20793.079944	54.124256	-0.439071	2.556657	4.858709
5853	20795.166234	54.826411	-0.419184	2.552912	4.756668
5857	20799.339315	54.083878	-0.332619	2.564008	4.735475
5859	20801.426133	54.885134	-0.416503	2.551706	4.813016
5863	20805.599328	53.341089	-0.375917	2.556580	4.968895
5865	20807.685931	53.684059	-0.349014	2.559129	4.779786
5867	20809.772553	53.828559	-0.419906	2.551393	4.890752
5871	20813.945372	53.727484	-0.468869	2.554801	4.743460
5873	20816.031898	54.184326	-0.438288	2.551031	4.775836
5879	20822.291426	53.608009	-0.769089	2.577697	4.847642
5889	20832.724035	52.193193	-0.400238	2.553477	4.976505
5891	20834.810849	54.083668	-0.420039	2.559917	4.832897
5893	20836.896934	54.770568	-0.401253	2.551434	4.906138
5895	20838.984041	54.433036	-0.420270	2.549539	4.727869
5901	20845.243005	53.749384	-0.294732	2.557262	4.885033
5903	20847.329300	52.548190	-0.302872	2.568624	4.879894
5905	20849.415993	53.847993	-0.349213	2.565679	4.902204
5907	20851.502256	52.867762	-0.361313	2.564591	4.837424
5909	20853.588913	53.328680	-0.305633	2.561784	4.876490
5911	20855.675365	54.743745	-0.405581	2.549826	4.905398
5913	20857.761857	53.599815	-0.267915	2.556081	4.839553
5915	20859.848288	53.729576	-0.325061	2.564819	4.768929
5917	20861.935625	53.351466	-0.355522	2.563859	4.823662
5919	20864.021597	54.249533	-0.431457	2.555167	5.014847
5921	20866.108235	53.778118	-0.355429	2.557978	4.906572
5923	20868.194884	54.247083	-0.399620	2.549497	4.915672
5929	20874.454608	53.834177	-0.397388	2.558101	4.888022
5931	20876.541363	54.469835	-0.386110	2.549497	4.760932
5933	20878.627784	54.289443	-0.377019	2.561267	4.852224
5935	20880.714280	52.365526	-0.347405	2.565758	4.795553
5937	20882.800770	54.152417	-0.427106	2.548152	4.925520
5947	20893.233609	53.775702	-0.329033	2.556100	4.811543
5949	20895.319823	54.335953	-0.423980	2.549779	4.968224
5953	20899.493091	54.566487	-0.446824	2.549522	4.942286
5955	20901.579803	53.623065	-0.271991	2.554821	4.864269
5957	20903.665770	53.505995	-0.332688	2.554630	4.908059
5959	20905.752676	54.535571	-0.440579	2.547965	4.819851
5961	20907.838892	52.847088	-0.416655	2.552511	4.874915
5963	20909.925705	53.693484	-0.390691	2.555206	4.737908
5965	20912.012260	54.171172	-0.430419	2.547372	4.856056
5969	20916.185113	55.341596	-0.444356	2.547647	4.771310
5971	20918.271502	53.956656	-0.483476	2.547700	4.791049
5973	20920.358088	53.676616	-0.343491	2.554055	4.854272
5975	20922.444595	53.936657	-0.458308	2.545440	4.914419
5977	20924.530908	54.270776	-0.456608	2.549438	4.985992
5979	20926.617721	55.342945	-0.495850	2.544167	4.981209
5989	20937.050170	53.433830	-0.376245	2.551355	4.859076
5991	20939.136930	54.773480	-0.502184	2.545921	4.892744
5995	20943.310013	54.242512	-0.496328	2.545666	4.819005
5999	20947.482837	53.665992	-0.374450	2.551902	4.726008
6001	20949.569553	54.778685	-0.505893	2.546387	5.051171
6005	20953.742318	53.693567	-0.380241	2.551617	4.881816
6007	20955.829165	51.892590	-0.381377	2.562531	4.919849
6009	20957.915466	53.595207	-0.479149	2.558561	4.809444
6011	20960.002126	53.959991	-0.473803	2.557918	4.976337
6017	20966.261596	54.401387	-0.493230	2.549981	4.924554
6019	20968.348182	54.726111	-0.514163	2.543370	4.829162
6023	20972.521413	53.468862	-0.421417	2.549748	4.819236
6027	20976.694161	54.011655	-0.552307	2.542690	4.872784
6029	20978.780796	54.315739	-0.536504	2.542151	4.932210
6031	20980.867283	53.490348	-0.469480	2.551300	4.733433
6033	20982.953895	52.669400	-0.399803	2.558839	4.926350
6035	20985.040517	53.938152	-0.491007	2.541003	4.897427
6039	20989.213318	53.540325	-0.507587	2.541235	4.743082
6043	20993.386536	53.512213	-0.479142	2.549645	4.890509
6045	20995.472783	54.736521	-0.458996	2.540374	4.725912
6047	20997.559197	54.759152	-0.489646	2.542158	5.000659
6051	21001.733088	54.387110	-0.444480	2.549011	4.972548
6053	21003.818741	53.579676	-0.406734	2.557400	4.709534
6055	21005.905311	52.655975	-0.429198	2.557647	4.873050
6057	21007.991574	54.546615	-0.453689	2.542019	5.008552
6059	21010.078571	55.346134	-0.494900	2.542707	4.795468
6065	21016.337557	55.175818	-0.432072	2.552692	4.869398
6069	21020.511459	54.084924	-0.504968	2.542930	4.975086
6073	21024.684401	53.481865	-0.342416	2.547154	4.775505
6075	21026.770874	54.199360	-0.500869	2.543511	4.690609
6077	21028.857709	53.371504	-0.373971	2.547370	4.837242
6079	21030.943931	53.574189	-0.397441	2.547402	4.905482
6081	21033.030670	53.495216	-0.387784	2.546961	4.788754
6083	21035.117328	54.841907	-0.458942	2.540297	4.807915
6085	21037.203615	53.273787	-0.480683	2.548443	4.882712
6087	21039.290031	54.070650	-0.313331	2.553057	4.858680
6089	21041.376654	54.279196	-0.498477	2.543204	4.871635
6091	21043.463436	53.847054	-0.471167	2.546292	4.902430
6093	21045.549616	54.811348	-0.475229	2.539934	4.981224
6095	21047.636453	53.667098	-0.494351	2.538840	4.934861
6097	21049.722722	52.317243	-0.472329	2.548086	4.945814
6099	21051.809632	53.717354	-0.482697	2.541962	4.921299
6103	21055.982510	53.598775	-0.336784	2.545208	4.809221
6111	21064.328183	53.279830	-0.515969	2.548122	4.902254
6113	21066.414932	53.231398	-0.908432	2.562233	4.777722
6117	21070.588147	53.806979	-0.522171	2.536426	4.881505
6119	21072.674429	54.141701	-0.534759	2.545191	4.974398
6121	21074.761070	53.632240	-0.423133	2.543801	4.891091
6123	21076.847778	54.396191	-0.506651	2.537613	4.860187
6125	21078.934259	53.942800	-0.568265	2.538175	4.935600
6129	21083.107191	53.189241	-0.450983	2.551826	5.136408
6131	21085.193478	54.638637	-0.521949	2.536932	4.777146
6133	21087.280281	53.823327	-0.395918	2.542961	4.855762
6139	21093.539910	53.495280	-0.599625	2.532417	4.910435
6141	21095.625974	52.600580	-0.548374	2.544785	4.855565
6143	21097.712824	53.863887	-0.489624	2.549377	4.976535
6145	21099.799578	54.694978	-0.547542	2.533809	4.771555
6149	21103.972447	69.247010	0.541236	2.550817	4.838025
6151	21106.058821	53.587144	-0.399629	2.541754	4.845905
6153	21108.145292	54.033223	-0.522576	2.532844	4.908754
6155	21110.231670	55.139418	-0.661267	2.540829	4.934220
6157	21112.318316	53.522754	-0.444915	2.540846	4.802068
6159	21114.404747	53.743915	-0.504171	2.549157	4.717912
6161	21116.491341	49.321297	-1.458339	2.582610	4.973491
6165	21120.664632	52.681070	-0.506419	2.542052	4.844638
6167	21122.750966	54.244717	-0.506985	2.536139	4.915592
6169	21124.837668	53.052136	-0.558182	2.532282	4.896966
6173	21129.010658	52.417040	-0.493963	2.544173	4.753805
6175	21131.097326	53.400043	-0.403262	2.540397	4.915742
6177	21133.183504	54.528443	-0.523900	2.533245	4.812103
6181	21137.356924	55.131252	-0.555004	2.533525	5.036491
6183	21139.443313	53.067841	-0.477256	2.534264	4.941384
6185	21141.529759	52.344652	-0.440250	2.547654	4.832286
6187	21143.616582	53.609067	-0.418026	2.539666	4.754260
6189	21145.703150	54.425037	-0.495538	2.532979	4.869905
6191	21147.789342	53.783738	-0.454714	2.531594	4.892973
6193	21149.875903	53.527020	-0.445574	2.542930	4.872846
6197	21154.048822	54.595099	-0.568677	2.533239	4.857717
6199	21156.135315	53.856417	-0.555648	2.531939	4.874262
6201	21158.222073	54.357668	-0.530703	2.539298	4.802911
6203	21160.308578	55.061077	-0.530769	2.532238	4.962338
6205	21162.394788	53.537275	-0.375595	2.537522	4.723804
6207	21164.481728	53.513063	-0.487382	2.543282	4.825150
6211	21168.654543	54.267489	-0.575879	2.531123	4.796143
6215	21172.827461	53.685826	-0.512716	2.542007	4.889921
6221	21179.087206	55.175297	-0.529120	2.529177	4.914873
6227	21185.346855	53.468015	-0.585431	2.531415	4.852331
6231	21189.519933	54.129147	-0.473730	2.534457	4.768098
6233	21191.606424	53.467380	-0.404564	2.536869	4.923537
6237	21195.779259	52.377515	-0.460314	2.533129	4.941042
6239	21197.865787	54.437076	-0.486123	2.529282	4.899143
6245	21204.125450	53.624020	-0.362151	2.535764	4.810401
6247	21206.212023	54.686876	-0.507916	2.526350	4.907326
6251	21210.385235	53.676159	-0.376852	2.535598	4.834667
6253	21212.471768	53.443517	-0.391815	2.534713	4.932529
6255	21214.558301	52.530861	-0.463254	2.544203	4.802239
6257	21216.645059	54.272108	-0.522936	2.526528	4.944025
6261	21220.817667	53.639573	-0.519707	2.538059	4.801523
6263	21222.904511	55.959106	-0.532099	2.526849	5.114768
6265	21224.990862	54.367780	-0.522544	2.527317	4.955952
6267	21227.077395	54.152488	-0.541597	2.527377	4.912437
6273	21233.337000	53.600341	-0.360727	2.534512	4.743605
6275	21235.423478	54.742908	-0.492652	2.528723	4.861366
6277	21237.509928	54.224773	-0.487978	2.538501	4.897340
6279	21239.596803	53.620685	-0.390990	2.533928	4.892289
6281	21241.682794	54.597031	-0.468273	2.528321	4.937898
6283	21243.769678	53.091444	-0.501496	2.537068	4.818109
6285	21245.855723	54.935775	-0.498718	2.525345	4.804587
6295	21256.288828	55.060496	-0.417172	2.540193	4.851370
6297	21258.375280	53.625278	-0.405190	2.533204	4.868287
6303	21264.634756	54.319445	-0.457156	2.537733	4.775446
6305	21266.721363	53.485609	-0.385334	2.532596	5.095083
6307	21268.808174	54.174027	-0.468313	2.524881	4.852800
6311	21272.980983	54.064261	-0.502797	2.524031	4.898641
6313	21275.067379	53.638593	-0.438361	2.534214	4.917479
6315	21277.154142	55.577107	-0.460882	2.525227	4.926216
6317	21279.240452	52.871485	-0.430331	2.533055	4.964773
6319	21281.327011	53.839075	-0.355343	2.540399	4.802930
6321	21283.413740	53.410317	-0.480244	2.517202	4.934071
6325	21287.586879	53.021702	-0.510863	2.524328	4.796000
6333	21295.932883	53.927957	-0.429792	2.536442	5.002420
6335	21298.018982	52.039332	-0.376912	2.541897	4.922238
6337	21300.105632	54.391719	-0.491926	2.523299	4.947181
6339	21302.192351	53.658358	-0.490020	2.522670	4.858099
6341	21304.279074	53.521876	-0.443509	2.533672	4.855590
6343	21306.365155	54.376489	-0.456718	2.522014	4.812354
6347	21310.538332	53.008362	-0.457591	2.532554	4.895738
6349	21312.625043	53.624903	-0.448886	2.522692	4.758034
6353	21316.797853	53.552550	-0.428954	2.524264	4.870372
6355	21318.884794	54.867341	-0.484292	2.522759	4.924263
6359	21323.057743	53.718458	-0.439181	2.528757	4.816804
6361	21325.144060	54.516685	-0.466577	2.521899	4.834119
6363	21327.230498	53.979377	-0.531510	2.521385	4.928241
6365	21329.317066	53.529302	-0.335161	2.528571	4.830461
6367	21331.403652	54.546799	-0.468270	2.520928	4.812629
6371	21335.576527	53.583758	-0.377536	2.528739	4.790796
6377	21341.836188	53.472079	-0.309727	2.528327	4.938253
6379	21343.922780	54.381573	-0.439876	2.521904	4.913413
6381	21346.009694	53.703677	-0.330671	2.529453	4.825973
6383	21348.095975	54.523764	-0.440290	2.521252	4.843972
6387	21352.268839	54.576518	-0.434566	2.522122	4.954965
6389	21354.355628	54.172471	-0.489643	2.522067	4.997295
6391	21356.441909	53.564100	-0.295497	2.527747	4.897951
6395	21360.615117	53.292199	-0.482386	2.517254	4.754191
6399	21364.788110	55.010806	-0.436159	2.518274	4.894489
6401	21366.874615	52.649567	-0.408096	2.529139	4.962410
6403	21368.961337	54.777776	-0.431693	2.520973	4.780787
6405	21371.047738	54.097670	-0.463491	2.530512	4.741239
6407	21373.134428	53.700436	-0.350507	2.527994	5.040525
6409	21375.220949	54.117426	-0.452697	2.524412	4.907624
6411	21377.307293	55.879097	-0.491864	2.525825	4.848238
6415	21381.480343	53.986394	-0.443472	2.530337	5.027572
6417	21383.566845	53.349816	-0.426966	2.534339	4.881606
6419	21385.653107	53.539968	-0.361500	2.526772	5.017630
6421	21387.739754	57.175214	-0.984091	2.541896	4.815546
6423	21389.826440	53.234551	-0.484023	2.517002	4.945802
6425	21391.912971	53.468379	-0.398236	2.523011	4.985595
6427	21393.999500	53.707851	-0.442375	2.516292	4.764938
6431	21398.172704	52.757593	-0.449429	2.519335	4.947634
6433	21400.258916	52.557507	-0.382167	2.530124	4.753444
6435	21402.345782	54.445370	-0.412352	2.519215	4.786725
6437	21404.432103	54.769271	-0.397951	2.529055	4.937169
6439	21406.518928	53.552299	-0.330590	2.525458	4.863588
6441	21408.605126	53.263454	-0.367895	2.530789	4.758945
6443	21410.691737	53.723057	-0.341532	2.525146	4.895802
6445	21412.778257	54.791296	-0.437563	2.520828	4.930192
6447	21414.864541	52.212804	-0.517695	2.512852	4.819409
6451	21419.037787	53.162528	-0.458644	2.519346	4.961858
6453	21421.124372	52.023652	-0.477553	2.514281	4.975542
6461	21429.470410	53.591156	-0.310268	2.525449	4.940631
6463	21431.556982	53.585871	-0.354409	2.524726	4.978122
6465	21433.643508	54.121912	-0.419836	2.517840	4.857855
6473	21441.989585	51.066510	-0.449359	2.519159	4.915202
6475	21444.075945	54.585443	-0.468995	2.515116	4.763033
6479	21448.249495	54.836562	-0.455889	2.516950	4.872185
6481	21450.336030	52.648770	-0.371976	2.521114	4.860125
6483	21452.422090	55.187168	-0.486583	2.510886	4.935261
6485	21454.509169	52.859436	-0.493504	2.517113	4.963755
6491	21460.768409	51.035741	-0.580609	2.505792	4.764946
6493	21462.855077	52.963181	-0.538329	2.512667	4.964327
6495	21464.941209	54.624617	-0.452286	2.524321	4.790921
6497	21467.027669	54.794736	-0.468104	2.513976	4.840013
6499	21469.114621	54.211646	-0.383683	2.520275	4.854520
6501	21471.201095	54.215246	-0.463057	2.512607	4.826899
6503	21473.287537	54.609328	-0.466982	2.525467	4.906379
6505	21475.374123	53.531148	-0.374157	2.521404	4.836299
6507	21477.460516	53.766777	-0.498077	2.513032	4.698701
6509	21479.547051	54.139675	-0.450620	2.524381	4.877647
6513	21483.720218	54.226150	-0.410594	2.524387	4.935777
6515	21485.806689	53.644220	-0.378237	2.521368	4.822484
6517	21487.893239	54.603395	-0.471672	2.512424	4.836737
6521	21492.066371	53.629117	-0.344045	2.520133	4.933743
6523	21494.152725	54.476982	-0.480054	2.512960	4.893995
6529	21500.412470	52.931236	-0.579489	2.511327	4.834537
6533	21504.585474	53.252408	-0.799069	2.536303	4.967104
6535	21506.672090	53.990870	-0.510740	2.524042	4.804382
6537	21508.758199	53.064690	-0.475543	2.527405	4.710611
6539	21510.845111	54.793612	-0.546844	2.516143	4.950530
6541	21512.931658	54.191058	-0.561292	2.515010	4.889860
6543	21515.018131	51.909848	-0.560346	2.506857	5.005826
6545	21517.104574	53.794185	-0.557279	2.509848	4.971746
6549	21521.277695	53.194380	-0.510872	2.521405	4.803792
6551	21523.364195	54.051345	-0.514341	2.510295	4.809006
6555	21527.537095	53.580039	-0.402950	2.518195	4.770866
6557	21529.623672	53.486090	-0.411318	2.517906	4.941269
6559	21531.710095	53.658490	-0.450226	2.518319	4.934310
6561	21533.797147	53.823267	-0.539266	2.515450	4.874097
6563	21535.883100	54.471008	-0.499990	2.521172	4.902247
6565	21537.969677	53.175313	-1.003935	2.540103	5.058741
6567	21540.056244	54.774169	-0.446954	2.523005	4.847138
6569	21542.143180	54.589033	-0.514405	2.510475	4.959941
6571	21544.229560	53.291718	-0.582595	2.510531	4.900881
6575	21548.402398	53.280955	-0.580547	2.506052	4.840070
6577	21550.488684	54.071146	-0.521585	2.519059	4.894332
6579	21552.575394	53.573144	-0.436776	2.516505	4.818561
6581	21554.661839	53.664832	-0.502523	2.505085	4.819657
6583	21556.748758	51.570619	-0.509025	2.515752	4.867111
6585	21558.835108	53.484111	-0.398245	2.515511	4.910499
6587	21560.921694	54.519275	-0.490041	2.506461	4.887970
6591	21565.094942	53.524732	-0.406364	2.516451	4.831449
6593	21567.180973	48.841681	-1.292264	2.556716	4.831126
6595	21569.267888	53.666140	-0.544393	2.508029	4.796001
6599	21573.441007	54.990937	-0.496181	2.506573	4.897541
6601	21575.527446	54.629951	-0.428542	2.523597	4.947511
6603	21577.614112	53.536727	-0.370349	2.515174	4.829930
6607	21581.786795	53.938252	-0.486939	2.519583	4.781839
6609	21583.873725	53.329180	-0.383283	2.519500	4.671340
6613	21588.046562	53.642185	-0.365359	2.515145	4.918475
6615	21590.133292	53.651426	-0.399205	2.515056	5.025952
6617	21592.219685	53.466390	-0.431287	2.524535	4.983874
6619	21594.306142	51.901004	-0.424314	2.524840	4.989886
6621	21596.392779	54.520373	-0.503071	2.502712	4.969512
6623	21598.479144	53.626632	-0.475143	2.516807	4.819139
6625	21600.565242	54.574525	-0.477452	2.506981	4.800647
6629	21604.738947	53.280736	-0.492483	2.516393	4.784669
6631	21606.825506	56.617428	-0.482233	2.508537	4.799306
6639	21615.171359	55.208711	-0.408196	2.522822	4.969361
6641	21617.257916	54.149676	-0.493914	2.503014	4.932570
6643	21619.344289	53.375900	-0.494484	2.517040	4.928388
6645	21621.431217	53.776492	-0.504328	2.509002	4.868605
6647	21623.517368	53.739652	-0.365300	2.513886	4.865010
6649	21625.603853	53.110981	-0.727661	2.530047	4.980905
6655	21631.863406	54.201536	-0.481592	2.507041	4.757050
6657	21633.950236	53.793852	-0.504567	2.517416	4.734495
6659	21636.036660	53.488429	-0.398507	2.512413	4.740524
6663	21640.209974	54.789293	-0.541965	2.508556	4.937827
6665	21642.296313	53.860488	-0.469091	2.513885	4.945463
6667	21644.382905	54.036501	-0.390408	2.523502	4.799640
6669	21646.469405	54.561053	-0.492181	2.504763	4.837402
6673	21650.642496	53.911703	-0.503011	2.502976	4.837608
6677	21654.815680	53.587497	-0.485678	2.512564	4.886468
6679	21656.902139	53.000570	-0.433107	2.521190	4.865596
6681	21658.988697	54.014774	-0.462769	2.503437	4.829387
6683	21661.074861	53.265357	-0.493042	2.513494	4.901420
6685	21663.161818	53.546038	-0.403439	2.510961	4.846192
6687	21665.248283	53.781549	-0.486421	2.501648	5.013403
6693	21671.507968	53.955875	-0.507715	2.503198	4.934162
6695	21673.594393	54.473822	-0.491324	2.514875	4.783835
6697	21675.680820	53.539240	-0.351184	2.518492	4.870012
6699	21677.767118	50.771384	-0.390123	2.522858	4.806238
6701	21679.853887	53.393069	-0.514633	2.497366	4.896524
6703	21681.940402	51.630508	-0.536456	2.499583	4.823664
6707	21686.113465	54.390958	-0.436464	2.512501	4.729509
6709	21688.199925	53.041421	-0.405808	2.517739	4.927354
6711	21690.286633	53.504772	-0.395758	2.509483	4.825034
6713	21692.372840	54.949718	-0.486525	2.502089	4.731522
6715	21694.459572	53.629133	-0.354042	2.509006	4.766620
6717	21696.546045	53.418811	-0.375384	2.508239	4.914994
6727	21706.978793	53.615711	-0.427172	2.509037	4.893868
6729	21709.065174	53.322548	-0.414207	2.516018	4.978468
6731	21711.151885	54.483315	-0.275408	2.511967	4.742013
6733	21713.238364	53.497303	-0.387421	2.508107	4.869570
6735	21715.324973	53.547373	-0.377223	2.508242	4.847975
6737	21717.411370	53.138045	-0.476591	2.496274	4.801828
6745	21725.757915	53.268113	-0.552746	2.497207	4.923561
6747	21727.844174	54.562660	-0.511502	2.498914	4.864940
6749	21729.930648	52.339361	-0.477644	2.511009	4.775732
6751	21732.017084	54.637935	-0.492470	2.498115	4.847376
6753	21734.103733	52.368615	-0.476303	2.505257	4.950496
6755	21736.190318	53.566884	-0.400264	2.507044	4.895205
6757	21738.276871	54.556901	-0.519158	2.498240	4.840906
6759	21740.363184	51.182774	-0.381989	2.494113	4.807087
6761	21742.449771	54.254051	-0.492490	2.496434	4.816035
6763	21744.536135	53.233441	-0.510234	2.510860	4.804737
6767	21748.709587	54.185264	-0.536237	2.494094	4.751650
6769	21750.795939	52.985779	-0.483041	2.503935	4.845795
6771	21752.882565	54.073791	-0.494897	2.496244	4.888502
6775	21757.055464	52.644015	-0.568767	2.496581	4.915279
6777	21759.142013	54.459391	-0.538178	2.497364	4.891589
6781	21763.315201	53.475243	-0.419730	2.513413	4.794756
6783	21765.401574	54.239754	-0.521158	2.497717	4.749566
6787	21769.574146	53.496681	-0.390768	2.504374	4.791878
6789	21771.660950	52.162169	-0.411413	2.511283	4.931807
6791	21773.747843	54.120587	-0.553765	2.494852	4.973791
6793	21775.834152	53.405530	-0.405000	2.502635	4.648167
6795	21777.920700	53.308193	-0.480741	2.503185	4.626972
6797	21780.007405	53.472136	-0.461973	2.502698	4.836155
6799	21782.093793	54.134274	-0.586497	2.497531	4.790940
6803	21786.266907	54.423631	-0.597381	2.494683	4.840424
6809	21792.526862	53.284601	-0.484024	2.501020	4.824843
6811	21794.612619	55.261709	-0.405669	2.512879	4.826693
6813	21796.699532	53.191665	-0.497335	2.501967	4.804027
6815	21798.786279	54.464001	-0.602781	2.493090	4.910291
6817	21800.873044	53.448068	-0.436990	2.501456	5.001641
6819	21802.959112	53.595848	-0.519012	2.502254	4.850332
6827	21811.305110	54.012550	-0.683445	2.492026	4.784605
6829	21813.391874	54.141704	-0.596634	2.506534	4.880252
6831	21815.478422	53.435225	-0.506266	2.499816	4.832152
6835	21819.651281	51.861114	-0.709141	2.486249	4.806221
6837	21821.737865	53.972236	-0.621270	2.505413	4.879056
6841	21825.910852	54.644386	-0.660753	2.493838	4.783789
6843	21827.997616	53.308360	-0.663254	2.497198	4.853419
6847	21832.170587	53.636504	-0.572161	2.499614	4.910677
6849	21834.256986	53.699018	-0.619210	2.488804	4.825227
6851	21836.343434	53.651808	-0.620099	2.501738	4.897870
6853	21838.430115	54.329916	-0.645342	2.489346	4.850244
6857	21842.603180	52.681539	-0.549567	2.508125	4.813838
6859	21844.689741	53.528568	-0.557683	2.498070	4.917075
6865	21850.949192	53.563694	-0.510906	2.497267	4.805013
6867	21853.035787	54.615401	-0.645169	2.491685	4.801914
6869	21855.122150	54.290750	-0.715787	2.492338	4.863344
6873	21859.295438	52.854352	-0.636565	2.501356	4.895732
6875	21861.381922	53.930439	-0.669747	2.485893	4.757344
6879	21865.554958	53.839142	-0.662060	2.500383	4.882648
6881	21867.641509	53.238418	-0.556888	2.496015	4.909966
6885	21871.814736	53.788487	-0.675930	2.499496	4.949442
6887	21873.900966	53.385943	-0.560063	2.495461	4.868248
6889	21875.987463	55.148298	-0.650126	2.490595	4.918958
6891	21878.074203	55.687003	-0.530069	2.505497	4.877354
6893	21880.160732	55.155718	-0.655947	2.486705	4.902323
6895	21882.247116	53.555048	-0.492691	2.494652	4.894630
6899	21886.420288	54.502290	-0.596506	2.499383	4.843425
6901	21888.507001	53.164131	-0.515521	2.493908	4.885615
6903	21890.593308	54.532917	-0.623489	2.488157	4.813415
6907	21894.766224	54.243369	-0.609773	2.485653	4.813146
6909	21896.853010	53.628044	-0.711823	2.485953	4.757326
6913	21901.025906	53.174428	-0.505485	2.493472	4.964621
6915	21903.112670	53.389024	-0.528135	2.493291	4.909592
6917	21905.198963	53.512707	-0.566410	2.494108	4.853777
6927	21915.631783	53.741170	-0.550978	2.493595	4.913393
6929	21917.718130	54.584408	-0.617215	2.483949	5.037580
6933	21921.891333	54.309788	-0.670941	2.485825	4.802792
6937	21926.064104	53.164527	-0.654882	2.494683	4.913758
6939	21928.150477	52.970086	-0.491355	2.490115	4.935813
6941	21930.237435	53.357272	-0.514419	2.492209	4.742375
6943	21932.323739	53.785282	-0.556830	2.492821	4.799378
6947	21936.496954	52.918675	-0.601621	2.493207	4.765064
6949	21938.583382	53.344492	-0.509473	2.490789	4.988515
6951	21940.669487	54.273666	-0.615127	2.483112	5.018065
6957	21946.929631	53.708445	-0.642993	2.493543	4.784010
6959	21949.015837	54.202641	-0.631523	2.482387	4.914727
6963	21953.189468	52.785088	-0.580307	2.485613	4.820639
6965	21955.275550	52.875076	-0.639744	2.498846	4.812127
6967	21957.361977	54.630350	-0.645512	2.482288	5.102259
6969	21959.448943	53.824932	-0.700698	2.480710	4.723522
6971	21961.535212	54.480939	-0.660595	2.492044	4.855489
6973	21963.621615	54.492294	-0.678805	2.482542	4.898222
6981	21971.967881	52.290461	-0.748336	2.477488	4.689652
6983	21974.054400	53.808404	-0.762267	2.478804	4.774025
6985	21976.141348	53.920095	-0.796082	2.482051	4.866932
6987	21978.227463	50.837966	-0.597032	2.480474	4.876860
6989	21980.313848	54.852589	-0.717243	2.480217	4.841210
6993	21984.487049	54.219763	-0.642304	2.492315	4.895420
6995	21986.573573	54.578735	-0.711027	2.477838	4.729512
7003	21994.919792	54.586501	-0.774081	2.479664	4.901834
7007	21999.092756	53.564737	-0.691662	2.490550	4.819073
7009	22001.179253	53.609888	-0.646666	2.487244	4.836671
7011	22003.266212	53.609623	-0.632393	2.486998	4.735347
7013	22005.352116	53.673881	-0.710875	2.473694	4.870295
7017	22009.525927	53.773376	-0.688778	2.489029	4.935518
7019	22011.612016	54.137828	-0.690231	2.477211	4.829142
7025	22017.871727	52.628562	-0.770934	2.474272	4.851819
7027	22019.957985	53.397823	-0.581355	2.485119	4.956062
7029	22022.044774	53.682401	-0.616212	2.485681	4.876326
7031	22024.131422	53.674884	-0.610378	2.485187	4.856083
7033	22026.217764	54.169081	-0.584410	2.493667	4.921264
7037	22030.390913	53.392194	-0.752228	2.474561	4.783290
7041	22034.563805	54.541260	-0.722206	2.477261	4.846576
7045	22038.736920	53.785414	-0.656292	2.480988	4.753016
7047	22040.823394	53.531938	-0.616669	2.483728	4.734100
7049	22042.909917	68.567779	-1.292383	2.495069	4.841909
7053	22047.082960	53.335822	-0.588297	2.482976	4.940852
7055	22049.169704	53.617741	-0.607967	2.483435	4.920216
7057	22051.255770	53.398362	-0.578631	2.482490	4.915707
7059	22053.342566	53.603619	-0.618238	2.483184	4.866726
7061	22055.428885	54.674355	-0.670407	2.474341	4.886181
7063	22057.515328	54.293634	-0.624136	2.487339	4.832995
7065	22059.602293	53.389170	-0.589593	2.482095	4.826942
7067	22061.688682	52.561892	-0.566449	2.494031	4.828368
7069	22063.774949	53.157786	-0.568370	2.481270	4.882290
7071	22065.861759	53.587028	-0.599622	2.482518	4.774347
7079	22074.207656	52.999997	-0.586325	2.484675	4.727381
7083	22078.380476	53.496811	-0.490248	2.481014	4.835182
7085	22080.467340	54.425660	-0.649597	2.473321	4.943418
7087	22082.553970	54.092246	-0.689203	2.474198	4.944150
7095	22090.900167	51.022711	-0.632773	2.491944	4.830669
7097	22092.986684	54.010250	-0.643558	2.471746	4.822471
7101	22097.159814	53.418536	-0.511439	2.479215	4.930074
7103	22099.245930	54.776354	-0.661835	2.472276	4.889109
7105	22101.332870	54.058496	-0.711454	2.470937	4.725156
7107	22103.419341	53.674519	-0.614680	2.483406	4.872975
7109	22105.506029	54.441681	-0.644949	2.471484	4.878917
7111	22107.592394	53.041122	-0.659150	2.483417	4.879907
7113	22109.678972	53.300387	-0.545391	2.478166	4.946326
7115	22111.765654	53.329940	-0.685283	2.463741	4.909128
7117	22113.852010	53.245574	-0.654947	2.482374	4.805312
7119	22115.938588	53.143687	-0.594053	2.487638	4.830069
7121	22118.024987	54.212779	-0.676133	2.469302	4.782745
7123	22120.111685	52.843392	-0.678334	2.479720	4.846823
7125	22122.198248	54.370981	-0.691884	2.467825	4.908771
7127	22124.284516	53.825679	-0.744650	2.468506	4.804730
7131	22128.457575	53.386014	-0.578390	2.476266	4.939733
7133	22130.544306	53.646446	-0.637612	2.484971	5.072310
7135	22132.630904	53.401726	-0.603581	2.476585	4.822649
7139	22136.803464	53.543507	-0.549899	2.476715	4.899700
7143	22140.976768	53.213840	-0.589099	2.477474	4.912849
7145	22143.063215	52.976802	-0.665712	2.463818	4.847052
7147	22145.149752	54.571449	-0.614482	2.482452	5.007569
7149	22147.236195	54.141799	-0.650459	2.466737	4.776524
7151	22149.322690	53.625835	-0.656279	2.478827	4.927835
7153	22151.409191	53.304730	-0.554908	2.475367	4.789530
7155	22153.495804	54.483635	-0.645265	2.467027	4.853457
7157	22155.582531	52.399070	-0.571725	2.478188	4.949850
7159	22157.668758	54.223081	-0.623522	2.468270	4.920150
7161	22159.755526	51.472025	-0.585365	2.471312	4.752621
7163	22161.842021	53.532612	-0.544113	2.475215	4.897144
7165	22163.928794	53.942640	-0.644518	2.466654	4.888852
7167	22166.015213	49.976135	-0.484677	2.471306	4.781301
7169	22168.101523	54.412474	-0.616056	2.466484	4.907951
7171	22170.188150	53.384700	-0.714236	2.465257	4.904351
7173	22172.274583	52.114478	-0.730778	2.459852	4.717687
7175	22174.361470	53.471782	-0.605059	2.480129	4.820177
7177	22176.447826	53.462184	-0.501440	2.474743	4.733578
7179	22178.534613	54.618614	-0.625488	2.468128	4.908985
7183	22182.707447	52.545916	-0.607840	2.478086	4.867890
7185	22184.794022	53.415035	-0.520701	2.473873	4.815077
7189	22188.967087	53.546453	-0.453032	2.473216	4.858327
7191	22191.053977	53.566738	-0.615727	2.465349	4.957262
7193	22193.140173	53.792017	-0.648725	2.464535	4.985904
7195	22195.226583	50.820682	-0.549220	2.466481	4.864545
7199	22199.399458	53.364093	-0.577123	2.477473	4.821283
7201	22201.486162	54.414604	-0.581577	2.464188	5.001922
7205	22205.659579	51.979832	-0.603712	2.475532	4.758750
7207	22207.745461	53.318722	-0.614010	2.465647	4.873746
7209	22209.832265	53.612140	-0.448702	2.472256	4.827228
7211	22211.918565	55.779038	-0.606561	2.465200	4.884450
7213	22214.005318	52.382678	-0.563224	2.475799	4.821063
7217	22218.178397	53.007614	-0.386473	2.468153	4.879025
7219	22220.265271	51.988850	-0.570041	2.480344	4.860493
7221	22222.351152	52.237754	-0.542140	2.479552	4.970287
7223	22224.438001	53.813259	-0.578966	2.462898	4.820714
7227	22228.610937	54.094955	-0.575498	2.475794	4.652918
7229	22230.697691	53.999400	-0.569722	2.459685	4.777700
7231	22232.784289	53.803467	-0.596533	2.473967	4.861482
7233	22234.870511	50.991833	-0.498056	2.482049	4.869079
7239	22241.130296	53.967978	-0.575969	2.472930	4.960679
7241	22243.216970	54.716440	-0.596554	2.467292	4.867869
7245	22247.390011	54.646901	-0.559414	2.460135	4.869054
7249	22251.563213	53.260639	-0.520384	2.471001	4.871594
7253	22255.736223	54.085753	-0.538891	2.460119	4.769131
7255	22257.822454	53.568037	-0.410142	2.469673	4.854495
7257	22259.908948	53.458632	-0.544558	2.477658	4.722038
7259	22261.995838	53.864941	-0.566694	2.460468	4.687580
7263	22266.168755	53.833254	-0.522133	2.477197	4.776700
7265	22268.254992	54.006758	-0.556007	2.460279	4.808732
7269	22272.428053	54.616155	-0.562958	2.460250	4.897970
7271	22274.514642	53.232440	-0.398820	2.467444	4.966465
7273	22276.601496	54.735557	-0.610840	2.464232	4.915986
7275	22278.687720	52.850054	-0.657691	2.457954	4.891955
7279	22282.861091	54.350982	-0.548112	2.460551	4.868999
7283	22287.033914	53.939788	-0.627041	2.459285	4.768969
7285	22289.120366	53.245198	-0.579104	2.472195	4.819051
7287	22291.206891	53.959591	-0.540593	2.457676	4.919969
7291	22295.380135	53.532539	-0.544544	2.472452	4.670418
7293	22297.466385	53.602924	-0.595487	2.457583	4.848821
7295	22299.553116	53.265027	-0.413819	2.465382	4.859374
7297	22301.639792	53.921689	-0.508110	2.476681	4.855810
7299	22303.726342	53.021165	-0.573306	2.480956	4.993643
7301	22305.812903	55.755854	-0.627186	2.461246	4.801906
7303	22307.899191	53.364198	-0.409724	2.466001	4.808175
7305	22309.985689	53.272043	-0.451739	2.465732	4.840815
7307	22312.072603	54.294067	-0.541837	2.457033	4.869912
7309	22314.158866	54.512330	-0.609879	2.458569	4.818662
7313	22318.332136	53.405054	-0.478309	2.466134	4.753833
7315	22320.418701	55.701382	-0.563665	2.456331	4.874012
7321	22326.678321	54.809308	-0.575755	2.458774	4.860034
7325	22330.851278	53.873407	-0.433288	2.469075	4.869287
7327	22332.938030	53.870831	-0.543555	2.456203	4.877656
7329	22335.024230	52.435503	-0.486422	2.459754	4.878140
7331	22337.110912	56.800750	-0.837199	2.479553	4.969328
7333	22339.197250	52.862527	-0.509664	2.467875	4.844167
7341	22347.543456	54.728336	-0.594926	2.454693	4.846771
7343	22349.630140	53.517095	-0.424009	2.463978	4.798231
7345	22351.716724	53.360470	-0.462109	2.463877	4.876459
7347	22353.803084	48.411111	-0.269839	2.485009	4.913389
7349	22355.889844	53.486030	-0.445044	2.463855	4.813190
7351	22357.975974	53.893006	-0.430764	2.474302	4.804761
7353	22360.062094	55.173325	-0.550312	2.458214	4.790036
7361	22368.408657	56.408695	-0.550732	2.455482	4.831559
7363	22370.495505	53.013213	-0.460845	2.469437	4.894728
7365	22372.581767	53.482967	-0.452059	2.463236	4.995497
7367	22374.668552	53.392553	-0.439077	2.463188	4.785314
7369	22376.754863	52.707608	-0.501063	2.470433	4.885223
7371	22378.841654	54.612515	-0.521146	2.454888	4.767596
7373	22380.927872	52.770521	-0.509456	2.465226	4.907336
7375	22383.014840	53.593314	-0.416215	2.462060	4.906939
7377	22385.101289	53.195494	-0.445933	2.461672	4.918217
7379	22387.187749	52.840353	-0.501294	2.471271	4.778362
7381	22389.274125	52.885309	-0.438414	2.468553	4.906057
7383	22391.361036	54.354148	-0.549959	2.450975	4.883097
7389	22397.620131	50.840609	-0.460695	2.464585	4.852290
7391	22399.706540	54.254016	-0.519487	2.452648	4.975442
7395	22403.879654	55.123169	-0.579204	2.455862	4.838149
7397	22405.966460	53.439976	-0.382540	2.460343	4.921908
7399	22408.053088	53.445700	-0.420523	2.460794	4.903095
7405	22414.312878	53.459579	-0.511730	2.449001	4.974134
7407	22416.399012	52.207898	-0.377266	2.454725	4.915603
7409	22418.485655	53.851118	-0.518541	2.445491	4.888368
7411	22420.572493	54.977511	-0.560009	2.455192	4.842914
7413	22422.658510	54.347580	-0.556124	2.451088	4.876420
7417	22426.831804	52.731076	-0.455478	2.469207	4.847495
7425	22435.177734	53.991356	-0.468677	2.464787	4.750796
7433	22443.524318	53.370348	-0.351696	2.457016	4.852134
7435	22445.610261	52.607965	-0.450017	2.465981	4.836956
7437	22447.697027	53.547101	-0.461082	2.458642	4.944503
7439	22449.783690	53.311625	-0.536095	2.447962	4.907710
7445	22456.043486	54.105978	-0.519787	2.449611	4.897853
7447	22458.129728	54.687292	-0.566251	2.449587	4.878518
7455	22466.475958	54.431749	-0.519357	2.446741	4.880150
7457	22468.562610	53.655450	-0.411910	2.457398	4.828169
7459	22470.649041	54.136373	-0.522083	2.446616	4.764525
7461	22472.735678	53.428624	-0.381788	2.456779	4.771325
7463	22474.822334	55.118751	-0.525265	2.447797	4.895509
7465	22476.908635	53.607147	-0.600991	2.448409	4.788740
7467	22478.995102	51.751036	-0.414650	2.454511	4.896955
7469	22481.081689	53.516425	-0.520460	2.448857	4.842121
7473	22485.254722	51.174850	-0.495420	2.448676	4.688105
7475	22487.341459	55.070499	-0.542365	2.447537	4.961699
7481	22493.600874	53.606534	-0.433669	2.455348	4.871884
7485	22497.774061	53.322385	-0.422579	2.454309	4.948677
7487	22499.860432	52.053056	-0.441268	2.464151	4.846984
7489	22501.946886	55.279522	-0.553199	2.445953	4.797098
7493	22506.120213	53.196604	-0.489149	2.460875	4.833394
7495	22508.206689	53.466082	-0.454605	2.454492	4.771134
7497	22510.293049	53.884286	-0.539341	2.443750	4.882350
7499	22512.379738	53.413016	-0.487535	2.456567	4.916311
7501	22514.466518	53.009087	-0.463337	2.461722	4.796828
7503	22516.552799	52.609513	-0.518486	2.462593	4.900893
7505	22518.639193	53.038345	-0.497862	2.461694	4.844686
7507	22520.725400	54.959651	-0.541469	2.442868	4.762876
7511	22524.899001	54.182400	-0.581352	2.444641	4.790829
7515	22529.071820	53.757580	-0.597412	2.442625	4.837316
7523	22537.418253	53.659055	-0.552256	2.458567	4.913659
7525	22539.504299	54.184397	-0.402690	2.464359	4.903666
7527	22541.590803	54.376359	-0.519457	2.440740	4.827721
7531	22545.764099	53.180425	-0.416644	2.451860	4.855338
7533	22547.850633	53.743165	-0.438459	2.453499	4.932777
7535	22549.937366	53.627825	-0.423231	2.452576	4.791147
7537	22552.023951	53.759679	-0.502920	2.443745	4.843477
7539	22554.110256	52.056809	-0.457939	2.455871	4.705381
7541	22556.196880	54.972416	-0.505547	2.442652	4.791880
7543	22558.283312	54.031467	-0.536372	2.442650	4.856872
7549	22564.542910	55.180820	-0.501693	2.448782	4.893944
7553	22568.716085	53.737389	-0.414699	2.451930	4.923375
7555	22570.802312	52.500399	-0.454683	2.459494	4.943035
7557	22572.889285	53.632707	-0.412330	2.451383	4.692079
7559	22574.975409	55.585812	-0.612223	2.446404	4.893351
7563	22579.148786	54.357672	-0.490088	2.442247	4.910053
7565	22581.235125	54.139111	-0.524303	2.442200	4.778938
7567	22583.321660	54.535902	-0.386944	2.459435	4.739882
7569	22585.408127	54.757489	-0.472174	2.441145	4.863364
7571	22587.494543	53.426574	-0.552981	2.441442	4.844168
7573	22589.581149	53.251441	-0.450147	2.457467	5.013504
7575	22591.667750	54.423453	-0.298929	2.459139	4.774439
7577	22593.754369	54.732252	-0.442731	2.440367	4.867823
7581	22597.927265	53.323764	-0.357892	2.449652	4.984498
7587	22604.186870	52.932057	-0.519366	2.437681	4.722387
7589	22606.273753	53.428963	-0.308203	2.449074	4.920112
7591	22608.360063	53.544548	-0.360552	2.458049	4.993982
7593	22610.446538	53.881127	-0.350315	2.459249	4.824934
7595	22612.532517	56.181508	-0.463476	2.444342	4.804817
7597	22614.619891	53.497623	-0.283180	2.448630	4.741658
7599	22616.706133	54.335694	-0.414961	2.438976	4.974418
7601	22618.792822	51.931146	-0.378501	2.446963	4.829301
7603	22620.879324	53.524722	-0.339750	2.449308	4.737576
7605	22622.966162	54.168827	-0.417063	2.439888	4.786616
7609	22627.138932	53.564090	-0.405274	2.438129	4.821028
7611	22629.225132	53.808874	-0.380056	2.454277	4.789858
7613	22631.312283	53.315582	-0.358236	2.448076	4.766121
7617	22635.485086	54.539909	-0.496580	2.437728	4.983612
7621	22639.658127	54.271560	-0.437163	2.439346	4.939584
7623	22641.744849	53.399524	-0.445529	2.451220	4.800953
7625	22643.831405	53.308383	-0.338380	2.446922	4.895896
7627	22645.917909	53.476735	-0.434716	2.437820	4.732189
7629	22648.004305	53.438120	-0.283415	2.446634	4.780964
7631	22650.090800	55.270847	-0.449915	2.434863	4.885221
7635	22654.263722	54.467417	-0.417845	2.438505	4.848965
7639	22658.437038	53.202683	-0.425998	2.447867	4.981655
7641	22660.523099	54.637857	-0.436550	2.438532	4.772839
7645	22664.696725	53.383577	-0.295404	2.445622	4.957368
7647	22666.782793	53.484891	-0.351348	2.445443	4.820649
7649	22668.869548	54.363875	-0.444193	2.435659	4.830173
7651	22670.955883	53.986466	-0.375642	2.447638	4.885573
7653	22673.042899	53.060979	-0.471823	2.436276	4.778604
7655	22675.128958	53.265247	-0.302421	2.444749	4.823940
7657	22677.215760	53.398384	-0.361409	2.445294	4.887663
7659	22679.302230	55.186035	-0.471116	2.434312	4.925984
7661	22681.388586	55.683308	-0.269837	2.456955	4.772820
7663	22683.475147	53.138155	-0.385771	2.444134	4.775433
7667	22687.648422	53.981661	-0.481076	2.448981	4.905640
7669	22689.734976	53.422649	-0.398408	2.444792	4.782138
7673	22693.907780	53.581977	-0.430130	2.445726	4.917945
7675	22695.994647	53.875108	-0.492230	2.437926	4.831176
7677	22698.081074	53.911450	-0.432362	2.449786	4.722324
7679	22700.167814	54.159945	-0.471985	2.435311	4.784051
7683	22704.340502	55.228315	-0.489720	2.435090	4.779839
7687	22708.513573	54.645562	-0.467443	2.434571	4.891973
7689	22710.600270	53.385446	-0.344272	2.442618	4.748369
7691	22712.686802	53.489561	-0.496180	2.434036	4.834258
7693	22714.773435	53.496475	-0.369859	2.442889	4.844526
7695	22716.860037	53.371414	-0.370698	2.442460	4.765364
7697	22718.946296	53.272457	-0.384828	2.442253	4.836303
7699	22721.032952	68.334752	-0.836366	2.452451	4.882497
7701	22723.119326	52.567601	-0.471104	2.445276	4.815204
7703	22725.206137	52.015138	-0.428227	2.453843	4.819917
7705	22727.292453	53.453799	-0.394114	2.442064	4.967023
7707	22729.378816	55.417619	-0.487278	2.432879	4.879849
7709	22731.465516	50.919875	-0.329457	2.431038	4.813693
7711	22733.552234	55.205246	-0.496654	2.434510	4.853591
7719	22741.898334	53.388268	-0.397626	2.441036	4.967686
7721	22743.984675	52.779305	-0.459832	2.428511	4.877813
7723	22746.071557	52.878081	-0.491798	2.446167	4.770443
7727	22750.244744	54.327683	-0.475180	2.447517	4.762028
7731	22754.417403	53.533242	-0.391641	2.440002	4.935478
7733	22756.503997	55.093291	-0.523821	2.435917	4.817935
7735	22758.590656	54.596616	-0.568034	2.430797	4.887511
7737	22760.677170	54.289925	-0.594188	2.431302	4.873704
7741	22764.850042	53.335837	-0.409437	2.439483	4.860347
7753	22777.369441	53.169704	-0.505037	2.440026	4.817522
7755	22779.455890	54.340867	-0.486540	2.429717	4.757003
7759	22783.629047	53.250923	-0.320469	2.437708	4.983195
7761	22785.715416	53.075499	-0.440347	2.446644	4.863523
7765	22789.888629	53.113419	-0.465445	2.438508	4.877745
7771	22796.148088	53.189758	-0.535420	2.440353	4.988594
7773	22798.234910	53.061405	-0.515363	2.426422	4.839599
7775	22800.320859	53.318654	-0.505512	2.443224	4.859538
7777	22802.407822	54.217489	-0.535200	2.430112	4.842511
7783	22808.667170	53.272354	-0.530495	2.438637	4.706033
7785	22810.754076	53.971323	-0.536434	2.422559	4.799533
7789	22814.927045	54.395735	-0.518344	2.427655	5.043497
7791	22817.013357	54.853362	-0.461198	2.443978	4.947773
7793	22819.100238	53.058354	-0.437266	2.434986	4.815075
7795	22821.186468	53.332284	-0.530142	2.424375	4.860049
7797	22823.273295	54.831528	-0.574650	2.428072	4.807274
7803	22829.532746	53.365478	-0.377831	2.434281	4.806514
7805	22831.619572	55.171220	-0.522786	2.426646	4.895085
7807	22833.705489	54.145713	-0.433248	2.441463	4.876963
7809	22835.792383	54.105834	-0.504451	2.425391	4.833307
7813	22839.965531	53.951905	-0.530279	2.438448	4.937159
7815	22842.051966	54.442451	-0.517925	2.425466	4.765355
7817	22844.138455	53.485779	-0.518318	2.439722	4.802397
7819	22846.225225	53.412914	-0.509033	2.442247	4.995427
7821	22848.311637	52.210492	-0.477137	2.443675	4.996970
7823	22850.398157	53.734139	-0.537644	2.425455	4.822080
7825	22852.484638	54.280117	-0.569915	2.423989	4.986664
7827	22854.571213	52.839660	-0.607800	2.423663	4.903194
7833	22860.831064	53.430531	-0.569514	2.427975	4.851964
7835	22862.917522	53.648275	-0.502852	2.439682	4.965124
7837	22865.003987	53.357468	-0.439618	2.433658	4.945149
7839	22867.090717	54.604016	-0.532135	2.421874	4.853198
7841	22869.177015	53.335242	-0.555993	2.434619	4.716783
7843	22871.263714	54.217073	-0.528867	2.423498	4.898491
7845	22873.350162	53.704656	-0.439097	2.432687	4.849215
7847	22875.436699	52.612768	-0.508252	2.441054	4.836962
7849	22877.523062	52.770448	-0.473296	2.446284	4.895438
7851	22879.609661	53.472427	-0.403880	2.432077	4.743816
7853	22881.696341	53.110479	-0.438594	2.431304	4.827161
7857	22885.869421	53.069120	-0.511752	2.428338	4.839978
7859	22887.955711	53.331730	-0.427725	2.431350	4.863352
7861	22890.042577	54.950970	-0.531033	2.420165	4.834973
9499	24598.921564	53.878074	-0.226821	2.360832	4.785597
9501	24601.007938	53.193534	-0.228257	2.359136	4.815169
9505	24605.181128	54.003337	-0.144870	2.360635	4.922738
9507	24607.267836	53.075579	-0.157157	2.375971	4.739526
9511	24611.440962	53.067660	-0.045458	2.369746	4.948651
9513	24613.527543	53.487650	-0.175359	2.362694	4.838354
9515	24615.612924	53.683277	-0.186285	2.375598	4.807610
9519	24619.787577	53.220412	-0.106824	2.381059	4.803447
9521	24621.873092	53.184563	-0.181998	2.358060	4.616672
9523	24623.959809	53.365399	-0.193827	2.374768	4.756351
9529	24630.218809	52.835068	-0.205623	2.373356	4.731481
9531	24632.307184	52.785992	-0.187163	2.377630	4.773537
9533	24634.393500	54.141382	-0.188005	2.360353	4.765620
9535	24636.479305	53.281178	-0.054878	2.368924	4.902751
9541	24642.738233	54.734749	-0.190187	2.360975	4.742939
9545	24646.912225	54.506635	-0.072829	2.379638	4.789775
9547	24648.999373	53.091791	-0.207347	2.376223	4.747900
9549	24651.084447	54.446825	-0.213040	2.358766	4.731320
9551	24653.172870	54.282000	-0.271884	2.356681	4.881648
9555	24657.343976	52.081232	-0.128242	2.369175	4.757445
9559	24661.517138	53.262505	-0.328572	2.357059	4.901073
9561	24663.603978	50.262287	-0.068419	2.362667	4.909795
9563	24665.691680	53.070261	-0.178795	2.368349	4.707087
9565	24667.776835	52.542775	0.186704	2.377735	5.084370
9583	24686.556208	53.026016	-0.150809	2.366805	4.914226
9585	24688.643675	53.678484	-0.258512	2.355253	4.778788
9589	24692.817015	53.178999	-0.266552	2.371155	4.594291
9591	24694.902652	54.200539	-0.254784	2.357007	4.990628
9593	24696.988762	52.835920	-0.119349	2.366166	4.858953
9595	24699.075277	53.085804	-0.259879	2.354974	4.612242
9597	24701.162534	53.781925	-0.336554	2.355747	4.879603
9601	24705.335127	52.934156	-0.237573	2.372965	4.892426
