num crossings	time (s)	maj axis (mm)	min axis (mm)	theta (rad )	slope (V/s)
4505	6226.201279	53.259669	0.351807	2.861388	10.409305
4509	6230.364120	54.735249	0.159230	2.852513	10.075635
4511	6232.445238	53.536435	-4.853680	2.912257	10.633503
4513	6234.527618	52.149449	0.681855	2.866757	10.436326
4517	6238.689400	52.512784	0.640985	2.866032	9.996598
4525	6247.016336	52.213037	0.719939	2.874480	10.496186
4527	6249.098101	54.525888	-7.086846	2.981316	10.499261
4529	6251.179029	52.440809	0.470563	2.889857	10.274698
4531	6253.260146	53.568762	0.502616	2.904583	10.520583
4533	6255.341745	55.717337	0.755608	2.900959	9.983638
4535	6257.424018	71.269803	1.556181	2.929323	10.409844
4539	6261.586636	50.186641	0.823273	2.894080	10.478809
4541	6263.668244	47.197355	1.288832	2.934062	10.252750
4543	6265.749473	53.631927	0.304116	2.875830	10.079308
4545	6267.831449	51.819291	0.772323	2.911134	10.047312
4547	6269.912875	55.653041	-2.997936	2.915867	10.218024
4551	6274.075855	47.901946	0.472385	2.910763	10.515985
4559	6282.401331	53.184816	0.568406	2.873545	10.277504
4561	6284.482923	50.733838	0.724675	2.869318	10.466662
4563	6286.564270	52.771351	0.817991	2.875054	9.895997
4567	6290.727845	55.468367	0.281094	2.878043	10.494630
4581	6305.298661	51.910498	0.705734	2.880778	10.458921
4589	6313.624693	57.737555	0.045775	2.886738	10.401364
4591	6315.705897	54.859778	0.050223	2.862710	10.288957
4593	6317.787329	49.283815	0.194859	2.912781	10.251885
4595	6319.868521	47.904483	1.281413	2.937752	10.383955
4601	6326.113361	50.908867	1.048572	2.877078	10.370196
4605	6330.276378	50.672424	0.716290	2.874307	10.124137
4609	6334.439207	52.984551	0.845150	2.877524	10.471706
4611	6336.520338	52.209978	0.735173	2.918660	10.201545
4613	6338.602983	53.302199	-5.132747	2.942247	10.235712
4615	6340.684441	52.750512	0.437637	2.894886	10.498394
4617	6342.765209	64.270069	1.859196	2.914038	10.176773
4621	6346.928567	51.090720	0.444582	2.876896	10.353172
4623	6349.009784	51.969427	0.810726	2.880715	10.549911
4629	6355.254619	56.271036	0.239413	2.894745	10.612778
4633	6359.417838	55.123685	0.299311	2.890031	10.171720
4649	6376.070109	54.877671	0.262698	2.895145	10.160158
4657	6384.396433	50.306717	0.599545	2.904508	10.502397
4659	6386.476719	70.448030	0.050456	2.961381	10.020177
4661	6388.558296	59.221885	0.111768	2.868877	10.192808
4663	6390.640630	53.616852	0.011870	2.871738	10.556548
4677	6405.210842	55.226393	0.132299	2.902928	10.381005
4679	6407.293029	53.195497	1.032203	2.927677	10.368668
4681	6409.374309	50.787013	0.062713	2.869075	10.269140
4693	6421.864169	56.504912	0.068303	2.889067	10.499587
4695	6423.944771	54.042872	-4.580900	2.935354	10.144643
4697	6426.026461	51.070493	0.700368	2.884575	10.278783
4711	6440.597612	48.802010	0.576724	2.884898	10.091376
4715	6444.760610	49.447568	-0.433149	2.874236	9.907489
4723	6453.086247	50.272007	0.604392	2.891020	10.118557
4725	6455.168438	51.374360	0.355512	2.901909	10.030775
4727	6457.249951	63.877566	1.937369	2.911590	10.120457
4729	6459.331192	51.631219	0.409560	2.904247	10.553825
4731	6461.412274	52.909738	0.108457	2.875525	10.587748
4739	6469.738198	50.823415	1.829115	2.899313	10.425501
4743	6473.901723	51.653991	0.667723	2.891152	10.356452
4747	6478.064732	49.437702	0.977277	2.892431	10.094475
4753	6484.309851	53.948601	2.482435	2.953001	10.243736
4755	6486.390559	46.501473	0.162096	2.869871	10.214843
4757	6488.472837	50.361296	0.714268	2.889110	10.266513
4765	6496.798053	50.343706	0.692009	2.893237	10.728200
4771	6503.042585	54.702514	0.289689	2.917518	10.380453
4775	6507.206042	51.090373	0.748686	2.893994	10.115377
4785	6517.613493	51.788596	0.815721	2.894797	10.651974
4787	6519.695360	52.377783	0.666451	2.902676	10.190943
4789	6521.777028	77.460149	2.254983	2.938465	10.342347
4791	6523.858171	46.389208	1.058923	2.888907	10.117246
4799	6532.184079	52.553000	0.702953	2.902038	10.698580
4801	6534.265810	57.462030	0.135375	2.886386	10.409514
4817	6550.916972	51.538443	0.828543	2.905646	10.420486
4823	6557.162875	49.670047	2.554510	2.958250	9.894197
4829	6563.407791	52.581025	0.785033	2.901642	10.216622
4833	6567.570173	48.736805	0.767506	2.893863	10.495240
4835	6569.651276	58.815046	0.239923	2.904376	10.412834
4837	6571.732378	53.246646	0.813633	2.940758	10.556578
4839	6573.814369	54.522668	1.280780	2.928067	10.341751
4847	6582.141186	51.305919	0.673680	2.901596	10.155951
4865	6600.874792	52.562054	1.003630	2.915847	10.207066
4867	6602.956299	55.063638	0.080938	2.892326	10.474803
4873	6609.201186	51.943529	0.820561	2.905788	11.041141
4875	6611.281872	47.419941	0.779945	2.897640	9.986693
4883	6619.608467	50.979190	0.714895	2.904706	10.100424
4885	6621.690251	47.387151	1.060478	2.906566	10.510441
4887	6623.771701	48.067728	-0.938277	2.890622	10.290316
4889	6625.853196	48.720570	1.124009	2.967822	10.281520
4891	6627.933875	49.981753	1.088226	2.923827	10.265808
4893	6630.015697	47.530753	0.791488	2.966520	10.533968
4909	6646.668281	55.123308	0.234031	2.924657	10.534827
4911	6648.748709	66.541718	2.125341	2.935379	10.340438
4919	6657.075440	53.745355	0.302909	2.928910	10.140720
4925	6663.320413	51.676226	1.909491	2.955748	10.060649
4931	6669.564519	48.910316	0.709234	2.911210	10.051059
4933	6671.646832	52.260811	0.536920	2.914441	10.358908
4935	6673.728148	52.081148	0.763492	2.908961	10.421361
4939	6677.891350	54.874865	0.415239	2.934417	10.459859
4941	6679.973003	51.144862	1.002865	2.962288	10.619479
4943	6682.054253	53.797649	0.497931	2.915103	10.237165
4945	6684.135498	52.632383	0.137199	2.900101	10.136101
4967	6707.032839	52.180489	0.878294	2.917043	10.193219
4973	6713.277071	51.405985	0.656978	2.917742	10.427125
4975	6715.358168	47.946542	1.298481	2.927058	10.536662
4979	6719.521730	51.084302	0.707377	2.916597	10.156264
4981	6721.603015	40.290970	2.033955	2.952877	10.134496
4983	6723.685176	53.577965	0.453020	2.940199	10.290853
4985	6725.766185	52.806634	0.104614	2.905064	10.214911
4997	6738.255535	50.308233	1.309134	2.948832	10.012494
5001	6742.417657	55.657371	0.321404	2.929853	10.669380
5007	6748.663236	47.677587	0.854602	2.913410	10.571334
5017	6759.071383	53.711849	0.707577	2.920024	10.062634
5021	6763.232956	56.390357	0.064838	2.910876	10.547418
5023	6765.315401	49.091827	0.144355	2.898890	10.178613
5027	6769.478561	40.339588	1.317359	2.933744	10.400518
5029	6771.560450	50.980994	0.803833	2.925284	10.637427
5031	6773.641883	51.849841	0.125917	2.908156	10.334628
5033	6775.723475	53.341771	0.702123	2.926281	10.373007
5039	6781.967494	51.309643	0.851417	2.922998	10.131489
5043	6786.130499	55.262757	0.260125	2.937476	10.648836
5045	6788.212299	52.342801	0.418876	2.930934	10.108935
5047	6790.293897	54.048702	0.119842	2.913026	10.219971
5049	6792.375613	52.988512	0.357390	2.937709	10.057049
5053	6796.537927	55.172265	0.151703	2.928078	10.146307
5057	6800.700774	52.904984	0.693083	2.929974	10.191857
5061	6804.863884	47.137349	0.238211	2.910353	10.405646
5067	6811.108666	52.169073	0.850845	2.928315	10.117907
5073	6817.354092	52.311134	2.593317	2.981091	10.298327
5075	6819.435442	64.173909	2.039050	2.958621	10.566826
5079	6823.598237	82.355892	1.807879	2.955309	9.939112
5083	6827.760385	50.078596	0.567770	2.951134	10.079043
5085	6829.842540	48.184563	1.014832	2.981539	10.334816
5087	6831.924614	52.533473	0.158776	2.913677	10.377035
5089	6834.006149	55.010298	0.240822	2.920757	10.161247
5091	6836.087747	56.379853	0.230411	2.921851	10.533156
5093	6838.168550	47.943615	1.272529	2.934957	10.668862
5101	6846.494791	52.637479	0.417385	2.953780	10.366077
5103	6848.576363	52.655921	0.018293	2.915763	10.431630
5107	6852.740377	51.390761	0.289830	2.951326	10.239276
5109	6854.821184	51.814349	1.504095	2.970935	10.398971
5111	6856.902655	51.473271	0.952219	2.977390	10.494469
5113	6858.984398	53.364651	-4.902343	2.987318	10.123272
5115	6861.065927	51.956366	0.243184	2.956840	10.173255
5127	6873.554340	52.251125	0.328742	2.935408	10.420173
5129	6875.636666	64.386512	1.694488	2.958841	10.053926
5131	6877.718109	51.161027	0.748478	2.933187	10.418313
5137	6883.962481	49.055302	0.753038	2.932406	10.483720
5143	6890.207306	50.163059	1.089422	2.937654	10.144922
5145	6892.288465	50.092482	0.807790	2.950932	10.243546
5149	6896.452021	52.131060	1.017436	2.941123	10.133365
5153	6900.614775	52.742810	2.728512	3.000614	10.436694
5159	6906.858937	49.170040	0.670452	2.933667	10.054050
5173	6921.430515	52.856512	0.642971	2.938237	10.263981
5183	6931.837813	52.434854	0.629466	2.978756	10.663424
5185	6933.919774	59.790725	2.163209	2.969879	9.881851
5187	6936.000082	51.328187	0.383345	2.960014	10.588608
5189	6938.082348	63.591379	2.266122	2.959319	10.481989
5193	6942.245670	54.640563	0.294654	2.937980	10.254654
5195	6944.327433	55.849302	0.697607	2.973712	10.032501
5197	6946.408454	50.709361	0.354281	2.952831	10.358650
5199	6948.490604	55.202670	0.133835	2.929842	10.377150
5205	6954.734081	60.399117	0.093124	2.948416	10.094307
5213	6963.060367	54.754619	0.281932	2.964316	10.249284
5215	6965.142196	52.393401	0.427963	2.949242	10.453110
5217	6967.223785	42.000509	-1.733534	3.005758	10.254350
5221	6971.387422	51.589934	0.867716	2.943483	10.552918
5223	6973.467869	52.631407	0.298354	2.966625	10.431669
5225	6975.549297	44.645881	1.042588	3.006984	10.238343
5227	6977.631515	53.939384	0.378251	2.948239	10.254751
5231	6981.794961	52.751523	0.802132	2.947420	10.239362
5235	6985.957073	50.630090	0.451503	2.943076	10.525290
5243	6994.283996	51.897287	0.355193	2.951796	10.235424
5253	7004.691561	48.494760	0.905557	2.943887	10.146305
5257	7008.854311	49.739184	0.349402	2.965943	10.108089
5259	7010.936409	75.088706	2.276427	2.990312	9.686281
5263	7015.098995	48.449700	1.325537	2.983389	10.293311
5265	7017.180838	72.685967	-5.191695	2.996421	10.410794
5271	7023.425772	45.712093	0.988285	3.000501	10.458623
5275	7027.588128	52.576604	0.781848	2.955801	10.147880
5281	7033.832229	56.624561	0.213257	2.954195	10.305019
5283	7035.914278	50.396696	1.491489	2.997391	10.248430
5293	7046.322155	50.138852	1.339009	2.956131	9.971068
5295	7048.403306	51.919817	0.768523	2.958570	10.492283
5307	7060.892175	49.432986	0.744128	2.950714	10.075590
5319	7073.381569	53.940832	0.353270	2.971227	10.231596
5321	7075.463757	77.254698	0.344120	2.991908	10.275837
5327	7081.707652	48.896527	0.754935	2.953706	10.231295
5329	7083.790133	52.453994	0.801113	2.961652	10.397071
5333	7087.952540	49.874645	0.620423	2.957012	10.164737
5339	7094.197242	45.337002	0.993300	2.955087	10.293979
5341	7096.278781	52.636348	0.698457	2.963064	10.140888
5343	7098.360682	52.160447	0.341067	2.941775	10.541982
5351	7106.686253	55.121509	0.321874	2.981400	10.338575
5353	7108.768209	54.648158	-4.833278	3.005857	10.176151
5355	7110.849127	49.058760	0.322692	2.954292	10.221496
5357	7112.930767	51.976215	0.969432	2.966741	10.211188
5361	7117.093931	50.775172	0.699335	2.984422	10.525576
5375	7131.665092	46.551355	1.101015	2.956879	10.177945
5377	7133.746869	49.719795	0.936806	2.961459	10.097746
5385	7142.073478	47.673672	0.963391	2.957668	10.118591
5387	7144.154596	49.645576	0.963853	2.964050	10.397038
5389	7146.236096	49.433781	0.092668	2.974577	10.226455
5391	7148.318045	49.244027	0.131514	2.942222	10.454232
5397	7154.561822	49.071934	0.719408	2.967555	10.130906
5399	7156.643141	57.111572	0.301373	2.978481	10.297763
5401	7158.725238	52.620835	0.198059	2.946994	10.487698
5403	7160.806760	53.374004	0.678044	2.968189	10.350634
5411	7169.132844	47.081831	-1.402553	2.940547	10.555165
5413	7171.213921	52.634564	0.182947	2.953178	10.604869
5417	7175.377455	60.357960	-5.485144	3.020201	10.421733
5423	7181.621785	44.264744	1.199910	2.960685	10.181647
5427	7185.784610	51.873783	0.266168	2.985682	10.710101
5429	7187.866065	54.847713	0.262664	3.003708	10.212694
5431	7189.948377	52.547598	-3.225003	3.022654	10.429722
5433	7192.029755	50.560896	0.982473	2.995527	10.293866
5435	7194.110729	55.977334	-4.790886	3.014304	10.134373
5441	7200.355783	47.599599	1.052405	2.966904	10.449355
5443	7202.437107	53.573316	0.984037	2.994229	10.194721
5445	7204.518837	59.784483	1.011557	3.001422	10.318066
5447	7206.600045	50.396857	2.900681	3.031935	10.258895
5449	7208.682711	55.235122	0.108264	2.956720	10.371733
5451	7210.763724	51.040032	1.034433	2.973642	10.145197
5453	7212.845218	50.893680	0.467737	2.967068	10.676601
5455	7214.926789	52.537443	0.958600	2.972971	10.161908
5459	7219.088939	51.920942	0.433134	2.988805	10.161648
5465	7225.334347	51.628548	0.362471	2.972837	10.302290
5469	7229.496963	50.706892	0.640468	2.970869	10.408077
5477	7237.823611	52.714398	0.991897	2.976926	10.316533
5481	7241.986707	49.621603	0.905256	2.972994	10.024766
5485	7246.149574	53.509072	0.376167	2.992226	9.950516
5491	7252.394629	51.985655	0.883427	2.975955	10.355707
5493	7254.475308	48.839429	0.533992	2.997412	10.300520
5495	7256.556594	46.986819	1.020810	3.028018	9.860118
5497	7258.639464	55.556184	-4.750787	3.022258	10.336820
5503	7264.883644	53.157026	0.374732	2.982968	10.109881
5505	7266.964678	56.913507	0.685445	3.009070	10.403013
5507	7269.046523	49.123086	0.229557	2.961725	10.555628
5511	7273.209666	51.042873	0.919102	2.977628	10.394050
5515	7277.372761	51.965324	0.889017	2.979287	10.261098
5517	7279.452890	60.334322	0.242393	2.986607	10.061244
5521	7283.617970	48.100122	1.274319	3.012623	10.448579
5523	7285.698849	55.575437	0.472684	3.012621	10.616812
5527	7289.862327	51.421550	0.500232	3.004125	10.264083
5529	7291.943146	52.169278	0.821423	3.019007	10.139494
5531	7294.024978	47.012668	1.904171	3.033164	10.046465
5533	7296.106044	53.039699	-4.622295	3.024005	10.080662
5539	7302.351517	52.804435	0.448709	2.985597	10.084664
5541	7304.432318	51.368109	0.885592	3.021461	10.407320
5543	7306.513765	52.583854	0.339454	2.956548	10.369304
5545	7308.595866	46.942920	0.660870	3.005809	9.932004
5547	7310.677497	39.339596	1.356590	3.043880	10.318344
5551	7314.839625	52.619429	1.089592	3.011106	10.174488
5555	7319.003901	55.881873	0.318248	2.999371	10.321274
5561	7325.248332	53.246185	0.843799	2.985047	10.356705
5563	7327.330349	51.476362	1.030873	3.006655	10.006493
5573	7337.737315	48.889424	0.565381	3.006602	10.087859
5575	7339.819082	54.008274	0.118506	2.970498	10.539910
5577	7341.900847	53.668500	0.734939	2.988210	10.443423
5581	7346.063955	51.171949	0.913031	2.984900	9.911781
5583	7348.145324	45.326221	1.139702	2.980793	10.343990
5595	7360.634066	53.841981	0.295071	2.979073	10.102357
5597	7362.716424	57.995551	-4.962749	3.038040	10.305337
5599	7364.796579	52.761980	0.780310	2.987624	10.471788
5601	7366.878153	52.206006	0.182432	2.973820	10.012775
5605	7371.041929	50.348831	0.304014	3.014555	10.508477
5607	7373.123095	50.766410	0.141430	2.971729	10.084754
5609	7375.205532	49.690575	0.311367	3.006065	10.333950
5611	7377.286850	53.507638	0.703438	3.024356	10.372510
5613	7379.368130	53.888711	-5.426948	3.052965	10.409087
5617	7383.531076	52.107394	0.443499	3.004426	10.348535
5619	7385.612769	80.906967	2.359046	3.016601	10.136172
5621	7387.693998	53.479277	0.528676	3.011506	10.306247
5623	7389.775936	51.679547	0.189414	2.974548	10.325507
5625	7391.857697	53.154352	0.484981	3.008325	10.316928
5631	7398.101790	50.005037	0.853154	2.989961	10.446372
5635	7402.264215	52.897050	0.945215	2.993775	10.232697
5641	7408.509839	52.096503	0.414653	3.004357	10.404027
5643	7410.591028	53.391857	0.730682	3.028504	10.495189
5647	7414.755108	52.723081	3.101472	3.060938	10.059916
5651	7418.916902	52.016533	0.764359	2.990343	10.379969
5653	7420.998653	52.964550	0.721780	2.997002	10.238912
5655	7423.080266	55.701988	-1.330729	3.033888	10.310048
5657	7425.162122	49.906596	1.040145	2.995104	10.522723
5659	7427.244141	51.663847	0.860674	2.993956	10.262272
5661	7429.324588	52.279568	0.882702	2.995270	9.890777
5663	7431.407035	43.687008	3.191845	3.076253	10.236820
5667	7435.569993	53.069618	0.755135	2.998166	10.291904
5669	7437.651273	65.430977	2.560644	3.019697	10.481487
5671	7439.732115	52.399659	0.505094	3.016578	10.062226
5673	7441.813837	51.498773	0.203505	2.982627	10.092167
5683	7452.222179	51.257152	0.809027	3.001504	10.262437
5691	7460.547611	56.361267	0.384459	3.015267	10.402019
5693	7462.630165	53.114563	0.166774	2.984164	10.195899
5695	7464.710836	48.067211	0.861318	2.999417	10.396178
5697	7466.793144	53.629901	0.671476	2.995446	10.092227
5707	7477.200314	52.464290	0.892637	3.000764	10.593652
5723	7493.853218	53.378026	0.189320	2.988153	10.517430
5725	7495.933593	45.495814	1.139461	2.996573	10.400674
5737	7508.424007	50.992279	0.106298	3.015212	10.692674
5745	7516.749688	49.233587	1.022318	3.003774	10.322915
5747	7518.831623	51.647077	0.950052	3.004559	10.485069
5751	7522.993876	52.730555	0.826793	3.006388	10.090231
5753	7525.076605	67.374968	2.622967	3.034538	10.227721
5757	7529.238850	56.262184	3.112526	3.070567	10.296153
5765	7537.565668	53.439745	0.153997	2.990522	10.061445
5769	7541.727631	54.641468	0.435193	3.030992	10.055582
5771	7543.809571	49.439142	0.904160	3.050876	10.427179
5777	7550.054620	53.880427	0.613508	3.020228	10.473819
5781	7554.218047	54.738862	0.393440	3.027277	10.541624
5785	7558.380553	51.681475	0.854544	3.009793	10.173651
5787	7560.461998	48.482045	0.898808	3.007988	10.470607
5789	7562.543574	51.990772	0.848228	3.008902	10.625904
5797	7570.869264	50.437194	0.168913	2.996879	10.306733
5803	7577.113940	55.265483	0.403110	3.025494	10.484967
5805	7579.196552	49.067410	0.202049	2.990616	10.001347
5807	7581.277838	55.932511	0.385991	3.030287	10.603539
5815	7589.603435	54.607667	-5.189877	3.068871	10.332576
5821	7595.847773	56.048747	-4.882269	3.056980	10.572081
5823	7597.929026	51.107123	0.717987	3.011735	10.981200
5829	7604.174150	47.690756	0.852352	3.011030	10.696293
5833	7608.338029	53.732178	0.841097	3.012451	10.283814
5835	7610.418421	49.511394	2.095436	3.036952	9.914813
5839	7614.581230	53.693916	0.846308	3.017333	10.672093
5845	7620.826383	52.603704	0.713399	3.019360	10.422802
5847	7622.908479	53.459302	-5.170456	3.071186	10.177861
5855	7631.234521	51.617078	0.916777	3.018055	10.201219
5857	7633.316262	48.696077	1.095754	3.018653	10.284904
5861	7637.478942	53.270114	0.762735	3.019368	10.184524
5865	7641.641447	50.684637	0.559187	3.015020	10.512797
5867	7643.723507	51.444803	0.960380	3.018706	10.360352
5875	7652.049210	52.041733	0.731612	3.025277	10.520466
5879	7656.213020	53.472942	0.901238	3.021950	10.297498
5885	7662.458331	50.784304	0.932183	3.020081	10.149451
5887	7664.539045	49.684783	0.919577	3.019290	10.325142
5891	7668.702245	50.300202	0.879278	3.020498	10.457378
5893	7670.783796	52.089131	0.900019	3.023235	10.131316
5897	7674.947225	52.727546	0.742578	3.024889	10.485602
5899	7677.028083	43.894624	-4.973980	3.078397	10.093581
5903	7681.191223	48.971279	-5.457785	3.084486	10.324417
5907	7685.354487	50.035828	0.923471	3.022080	10.386326
5913	7691.598465	49.690318	0.517045	3.047513	10.198746
5915	7693.681080	77.538682	2.846858	3.052915	10.428910
5923	7702.006541	55.096714	0.530712	3.048596	10.754026
5925	7704.087853	53.055226	0.202833	3.008634	10.003334
5929	7708.251633	52.752948	0.920469	3.026394	10.554712
5935	7714.495749	57.934767	0.223602	3.034665	10.298534
5937	7716.577740	53.520352	0.610313	3.024528	10.261312
5939	7718.659369	53.456438	-5.226981	3.087373	10.263519
5943	7722.821896	50.048612	0.374320	3.043560	10.155958
5945	7724.903399	46.514026	0.728475	2.994559	10.184876
5955	7735.311958	51.469955	0.875064	3.028311	10.333221
5967	7747.799879	50.285609	0.951441	3.054900	10.571272
5969	7749.881904	55.145150	0.190318	3.019013	10.253083
5973	7754.045669	13.322438	3.392445	2.834610	9.851598
5975	7756.126472	50.457290	0.461204	3.048340	10.326228
5977	7758.208343	77.888578	2.898007	3.058770	10.095649
5995	7776.941961	48.097867	1.861128	3.040712	10.206311
5999	7781.105373	51.597842	0.778362	3.032430	10.059893
6013	7795.676269	51.673754	0.798788	3.039254	10.701655
6015	7797.757079	87.581349	2.991481	3.051665	10.641390
6017	7799.838757	53.801289	3.095845	3.092293	10.275811
6019	7801.920122	51.210270	0.806710	3.074901	10.494480
6021	7804.001862	49.956931	0.644436	3.075288	10.417864
6023	7806.083918	59.575333	-5.132915	3.085141	10.421249
6029	7812.328619	49.270922	0.857245	3.034433	10.459558
6033	7816.491542	51.302376	0.276744	3.022864	10.536741
6041	7824.818079	52.201707	0.783171	3.041724	10.347794
6043	7826.899696	59.232724	-2.654930	3.076952	10.276034
6047	7831.062032	55.922155	0.331227	3.054714	10.168521
6049	7833.143638	62.990138	-5.069389	3.083191	10.350911
6057	7841.470387	57.863920	0.329327	3.052201	10.329757
6059	7843.551208	47.520647	3.475475	3.104145	10.278600
6061	7845.633268	53.875389	0.171350	3.027641	10.412049
6063	7847.713830	53.068720	0.823970	3.041604	10.303489
6065	7849.796192	54.236552	0.385525	3.045561	10.115824
6069	7853.959163	52.585680	0.718594	3.045508	10.348460
6071	7856.040664	49.280063	2.367612	3.059655	10.061936
6073	7858.122261	52.650142	0.777794	3.045150	10.314911
6075	7860.204017	49.476093	-5.191338	3.108001	10.494706
6079	7864.367183	51.700267	0.660010	3.063508	10.422340
6081	7866.448688	50.950478	1.189537	3.077192	10.415211
6083	7868.529518	49.862118	0.321735	3.070719	10.265785
6085	7870.611494	55.718235	-5.055781	3.094638	10.194738
6087	7872.693213	56.623193	0.401113	3.064529	10.527315
6089	7874.774776	44.148461	0.027100	3.082245	10.043511
6091	7876.856534	51.034102	0.986928	3.044094	10.525727
6097	7883.101195	53.321052	0.966311	3.046631	10.249663
6099	7885.182797	50.158058	1.027391	3.045524	10.233729
6103	7889.345322	52.176116	0.897337	3.044082	10.355644
6105	7891.426790	53.771630	0.381206	3.062137	10.401348
6107	7893.509212	75.478450	-4.722021	3.085497	10.345239
6115	7901.835566	49.682114	0.954546	3.045031	10.422592
6119	7905.997582	51.343318	0.904727	3.047211	10.341743
6123	7910.161626	48.096391	0.573499	3.040466	10.592905
6127	7914.324622	50.398983	0.481497	3.066317	10.292584
6129	7916.406217	52.376023	-4.958008	3.093262	10.155476
6133	7920.568494	52.821965	0.993383	3.051131	10.171718
6137	7924.731715	56.489951	0.360572	3.060434	10.818990
6139	7926.813193	51.082209	1.261476	3.086395	10.436056
6151	7939.301809	52.569192	0.526413	3.072528	10.130002
6153	7941.384065	51.317706	0.207888	3.035907	10.017365
6161	7949.710191	49.364794	-0.580071	3.076369	10.076107
6163	7951.792102	47.999610	0.336414	3.031737	10.214960
6165	7953.872877	48.393659	1.644375	3.057280	10.581886
6167	7955.954822	51.960908	0.774289	3.055854	10.451453
6169	7958.036094	54.571839	0.365661	3.086848	10.482001
6171	7960.118306	55.614188	0.368128	3.045494	10.309476
6175	7964.281590	56.420799	0.407878	3.072282	10.473425
6183	7972.607451	45.775790	1.225752	3.079956	10.461328
6185	7974.688956	69.399953	2.814033	3.078629	10.127403
6189	7978.851623	48.996101	0.540165	3.075715	10.154366
6193	7983.014746	54.566906	0.808092	3.055954	10.041513
6195	7985.096819	50.944551	0.733157	3.090833	10.160937
6197	7987.177154	46.742288	-5.054797	3.106547	10.106120
6203	7993.422701	56.366188	-0.595711	3.044823	10.264999
6205	7995.503661	53.339897	0.482154	3.059225	10.204258
6207	7997.585992	51.924664	1.900674	3.091586	10.278397
6211	8001.748693	47.579182	-1.892140	3.031681	10.521056
6215	8005.911845	53.135177	0.930909	3.059932	10.216981
6217	8007.993986	52.861921	0.957366	3.059878	10.449924
6229	8020.482696	50.576162	0.503278	3.077967	10.272149
6231	8022.564858	63.191937	-5.168141	3.107336	10.055073
6233	8024.645529	52.683432	0.465562	3.078727	10.290393
6235	8026.726395	53.499259	0.225805	3.047586	10.223183
6241	8032.972603	53.251174	0.930696	3.062656	10.232152
6245	8037.135262	50.553058	1.233118	3.064288	10.279574
6247	8039.216663	53.533637	0.471896	3.081002	10.372507
6251	8043.380133	52.494206	0.776211	3.064754	10.232123
6257	8049.624244	49.005941	0.408297	3.082448	10.308302
6259	8051.706505	47.631833	-5.070237	3.130329	10.477829
6265	8057.951124	54.191457	0.512597	3.086608	10.372795
6267	8060.032272	52.984920	3.178009	3.109779	10.399682
6269	8062.113474	48.488946	-5.164570	3.128149	10.397625
6277	8070.440632	51.869017	2.105918	3.114584	10.393928
6279	8072.521118	60.934207	-5.013423	3.111808	10.345806
6283	8076.685301	53.103586	0.849034	3.064126	10.153340
6289	8082.928771	52.806598	0.807492	3.070251	9.814138
6293	8087.092520	53.349554	0.790115	3.068792	10.202570
6297	8091.254788	55.747248	0.346113	3.085344	10.508867
6299	8093.337113	47.629450	0.336376	3.048582	10.320265
6301	8095.417938	54.327691	0.521923	3.089511	10.135013
6303	8097.500735	44.380189	2.349410	3.096551	10.441480
6305	8099.582082	48.574022	1.364456	3.105808	10.590807
6307	8101.662642	53.926119	-4.827113	3.106463	10.513523
6311	8105.826209	53.776079	0.763975	3.067225	10.336408
6313	8107.908305	52.977722	0.844649	3.067985	10.536846
6315	8109.988541	55.000948	0.575100	3.101620	10.300435
6317	8112.070952	71.695468	1.848492	3.086696	9.954949
6319	8114.152685	50.228547	0.468165	3.086591	10.605510
6325	8120.397290	51.477792	0.941136	3.071052	10.550735
6329	8124.560443	60.028371	0.331520	3.081791	10.413979
6333	8128.724422	50.241850	1.156726	3.073535	10.657461
6343	8139.130609	52.859747	0.463245	3.089882	10.315145
6347	8143.294507	51.595677	0.783763	3.076550	10.058434
6349	8145.375159	53.295435	-5.014604	3.129538	10.180423
6353	8149.538942	59.504202	0.363889	3.085034	10.593151
6355	8151.620006	53.642409	0.700650	3.105468	10.448704
6357	8153.702395	46.264112	-5.201837	3.140978	9.771754
6361	8157.865169	52.129401	0.994193	3.075063	10.409593
6363	8159.946319	54.969984	0.542396	3.099490	10.259814
6365	8162.028125	46.902308	-5.064126	3.123080	10.184549
6369	8166.191744	50.617942	0.950320	3.073023	10.473600
6371	8168.272766	53.511998	0.654806	3.070861	10.790706
6373	8170.354444	56.524541	-4.877831	3.122064	10.124964
6377	8174.516835	62.293839	0.358344	3.090067	10.562350
6379	8176.598290	51.783135	0.245438	3.061817	9.798599
6391	8189.088286	48.372714	0.965345	3.075974	10.067686
6395	8193.251242	49.926816	0.958758	3.078639	10.395460
6397	8195.332388	57.672292	0.358129	3.096094	10.519899
6399	8197.414307	50.562701	0.744886	3.112820	10.276760
6401	8199.496564	48.538637	2.744013	3.127370	10.185673
6403	8201.578376	52.287535	0.617110	3.083973	10.419754
6405	8203.658884	73.148992	-4.768683	3.120281	10.196295
6407	8205.740367	53.807278	0.881459	3.081120	10.238249
6409	8207.821725	49.955584	0.805210	3.114736	10.469546
6415	8214.066511	52.322746	1.031738	3.082641	10.253984
6417	8216.148619	49.137219	0.930944	3.078437	10.152381
6421	8220.311277	50.937743	0.512659	3.103763	10.141045
6425	8224.474483	57.966450	0.391141	3.101352	10.317143
6427	8226.556741	51.218498	0.246282	3.068378	10.483141
6431	8230.718897	55.772474	0.383580	3.103688	10.315307
6433	8232.800686	52.381965	0.263785	3.069541	10.179375
6437	8236.964327	48.339153	0.919682	3.080996	10.320432
6441	8241.126904	50.871872	0.385100	3.067127	10.450226
6449	8249.452617	51.955820	0.516203	3.107561	10.080154
6451	8251.534935	77.148278	3.161811	3.104345	10.348513
6459	8259.860828	52.096572	0.614237	3.082421	10.360651
6461	8261.942856	51.054352	0.775461	3.083521	10.502846
6473	8274.431634	51.189025	0.933387	3.087578	10.711385
6475	8276.513605	51.769095	1.009608	3.087859	10.418423
6483	8284.839885	49.723524	1.501172	3.125481	10.345753
6491	8293.165948	59.431262	-0.021143	3.097814	10.397837
6493	8295.247331	53.587174	0.640862	3.120618	10.340699
6495	8297.329181	49.282340	-4.914625	3.148867	10.239463
6497	8299.411073	48.272864	0.541280	3.111728	10.264690
6503	8305.655189	51.838867	0.948303	3.090289	10.099449
6507	8309.818775	51.377099	0.910345	3.090914	10.168945
6515	8318.144439	48.169767	0.967661	3.089133	10.105896
6517	8320.225450	52.613601	0.788239	3.094079	9.913840
6519	8322.307475	53.141519	0.537623	3.092625	10.285421
6521	8324.388337	53.302402	0.494311	3.094514	10.799209
6527	8330.633865	45.889622	0.120425	3.080134	10.624776
6529	8332.714564	50.002182	0.638632	3.089086	10.312503
6531	8334.797018	52.623593	0.751348	3.095566	10.154402
6533	8336.878873	52.444260	0.663461	3.125385	10.435886
6535	8338.960160	48.496467	-4.975989	3.136614	10.294286
6545	8349.368327	49.747252	1.038955	3.094243	10.564048
6559	8363.938889	47.517069	1.305516	3.097863	10.413745
6567	8372.264672	55.874133	0.483843	3.113982	10.325560
6569	8374.346966	49.078437	-4.895625	3.156243	10.376482
6575	8380.590577	47.741663	0.953886	3.095051	10.259791
6577	8382.671824	51.027136	0.514166	3.119983	10.493674
6579	8384.754079	3.898605	6.640990	2.074337	10.106664
6581	8386.835384	62.722611	0.404643	3.116600	10.297257
6583	8388.917323	53.621596	0.283352	3.086868	10.488453
6585	8390.998975	50.947629	0.594152	3.095414	10.310540
6591	8397.242928	52.550052	0.853883	3.103082	9.902952
6593	8399.325072	52.274098	0.697913	3.133007	10.414768
6595	8401.406315	51.033653	0.464256	3.084789	10.353562
6599	8405.568856	52.431335	0.831049	3.130586	10.287014
6601	8407.651384	71.672805	3.261855	3.110936	10.475526
6605	8411.813859	56.867019	0.445904	3.122200	10.155330
6607	8413.896046	53.397320	-4.857781	3.144185	10.144251
6609	8415.977402	47.965472	1.227652	3.102949	10.439548
6613	8420.140313	56.596851	0.457839	3.120834	10.554690
6619	8426.385834	50.758078	0.790912	3.124924	10.156890
6629	8436.792663	52.073231	0.921658	3.104281	10.630307
6631	8438.874090	51.012442	0.521153	3.126114	10.062168
6633	8440.956029	53.050374	0.524301	3.107813	10.331283
6635	8443.037181	55.339109	-4.856099	3.142780	10.329827
6639	8447.199962	52.680254	0.763445	3.107902	9.982282
6647	8455.526820	56.693096	0.468009	3.128030	10.299432
6649	8457.607613	10.755731	5.034326	2.628016	10.380303
6655	8463.852994	52.277509	0.963763	3.107972	10.432129
6657	8465.933933	54.074653	0.487664	3.129703	10.631711
6659	8468.015984	53.710877	0.683111	3.138950	10.510421
6661	8470.098018	51.902182	0.313265	3.095297	10.234862
6663	8472.179642	56.547536	0.471154	3.128219	10.215007
6667	8476.342443	50.244018	0.764776	3.105645	10.626680
6671	8480.505111	56.508484	0.534935	3.133549	10.063344
6673	8482.586873	50.244951	-4.865836	3.166741	10.176259
6677	8486.749781	51.486017	0.960111	3.109673	10.615118
6683	8492.994670	43.553063	0.316150	3.122676	10.282831
6685	8495.075694	48.812633	0.569276	3.139674	10.244361
6687	8497.158202	54.280032	-4.772700	3.162117	10.283072
6703	8513.810137	50.083220	0.562457	3.132624	10.571048
6705	8515.892088	53.656584	0.662741	3.144040	10.666522
6709	8520.054143	49.409507	0.679498	3.142303	10.195989
6711	8522.135746	55.073587	0.625753	3.143438	10.018240
6721	8532.543972	53.211319	0.493275	3.133829	10.408888
6723	8534.626140	53.101398	0.529539	3.117223	10.782935
6727	8538.789145	43.258287	1.095508	3.109939	10.287880
6737	8549.196276	53.235075	0.594530	3.138847	10.493851
6741	8553.359232	52.868128	0.560181	3.141574	10.040520
6743	8555.441457	55.871775	-4.937108	3.155173	10.590589
6751	8563.768177	53.261157	0.526833	3.139373	10.294778
6753	8565.848713	55.132128	0.653551	3.148676	10.220973
6755	8567.930929	49.708566	-4.814488	3.173642	10.612087
6761	8574.175408	53.924647	0.779577	3.120850	10.847796
6763	8576.256839	72.554852	-4.685666	3.156056	10.204122
6765	8578.338360	57.798251	0.446443	3.141636	10.224522
6767	8580.420172	53.794067	-4.871796	3.163579	10.358416
6781	8594.991404	52.069676	0.950552	3.121517	10.245299
6785	8599.153188	50.221825	1.089355	3.123355	10.479479
6787	8601.235540	49.707561	0.917538	3.120728	10.697607
6791	8605.397391	53.333659	0.548378	3.146941	10.454490
6793	8607.480887	66.161638	3.362864	3.122184	10.404904
6799	8613.724286	52.681130	0.963494	3.123863	10.357216
6805	8619.968816	47.410222	1.152594	3.123700	10.362807
6811	8626.214011	53.525951	0.515252	3.148420	10.654821
6813	8628.295777	51.688627	0.568933	3.153753	10.266861
6815	8630.376701	53.198448	0.653248	3.155593	9.974480
6817	8632.458568	45.638949	0.614439	3.151301	10.245671
6819	8634.540249	52.076050	-4.954425	3.162434	10.753016
6825	8640.785076	45.900663	-2.543077	3.078836	10.225128
6827	8642.866298	50.554483	-4.973338	3.167003	10.413872
6829	8644.948511	52.066501	0.903102	3.126332	10.106399
6833	8649.111404	50.265272	1.030388	3.127417	10.433384
6835	8651.193306	49.708127	1.015318	3.126959	10.635896
6843	8659.519342	50.168819	-4.894708	3.168895	10.547838
6851	8667.845064	48.090888	-4.398402	3.181148	10.061088
6853	8669.926824	52.739647	0.761838	3.133337	10.160655
6855	8672.008543	53.827891	0.653354	3.157716	10.202302
6857	8674.089721	48.125732	0.600631	3.158675	10.241761
6859	8676.171830	50.650503	0.299263	3.116558	10.359671
6863	8680.334152	49.689691	0.986890	3.130108	10.648363
6865	8682.416503	52.281188	0.934777	3.131450	10.242196
6875	8692.823457	46.446630	0.162330	3.142510	10.107088
6877	8694.905979	51.384648	-5.027019	3.167742	10.480931
6881	8699.068874	46.578535	1.643334	3.177135	10.431092
6883	8701.150027	52.388445	-4.705490	3.181918	10.233846
6885	8703.231734	53.727883	0.979640	3.134076	10.288309
6887	8705.312993	51.061612	1.126923	3.135252	10.411420
6895	8713.639578	54.669609	-0.282952	3.140773	10.515300
6901	8719.883888	53.055870	0.796933	3.137281	9.944004
6903	8721.966378	46.633482	1.252293	3.166974	10.499435
6905	8724.047342	44.326174	0.388466	3.113446	10.489280
6909	8728.210092	51.741735	0.681374	3.132537	10.307451
6915	8734.454887	54.238488	0.526346	3.156981	10.545639
6923	8742.781239	50.046647	1.004902	3.136707	10.412169
6927	8746.944030	57.030867	0.520615	3.160366	10.293945
6929	8749.025824	54.100629	0.654081	3.167705	10.011351
6931	8751.107074	52.995012	0.658244	3.167727	10.096152
6933	8753.188403	59.730653	-4.613297	3.181562	10.320099
6935	8755.270717	50.661427	0.477814	3.160349	10.476608
6943	8763.596690	60.654968	0.444973	3.160788	9.804238
6945	8765.678945	58.351371	-4.571545	3.184109	10.539786
6949	8769.842085	43.993291	0.597922	3.160236	10.526496
6953	8774.005024	51.014706	1.204428	3.141865	10.272523
6955	8776.086562	50.503465	0.470946	3.158255	10.445188
6957	8778.167980	52.258987	0.625554	3.169187	10.463758
6961	8782.331179	53.221174	0.591418	3.166177	9.852222
6965	8786.493263	49.646555	0.480694	3.160192	9.937110
6967	8788.575176	54.550657	0.578927	3.170201	10.059735
6969	8790.657579	48.827500	0.353672	3.128939	10.641790
6983	8805.228929	55.240495	0.552230	3.168459	10.078839
6985	8807.310107	53.284682	0.258551	3.131834	10.058732
6993	8815.636016	56.163648	2.799386	3.211737	10.407499
6997	8819.799775	49.669755	1.030882	3.145625	10.338118
7005	8828.125149	53.430682	0.534492	3.178416	10.368529
7007	8830.207413	51.845843	0.707247	3.144198	10.289101
7009	8832.289038	50.840638	3.456495	3.158679	9.991397
7017	8840.615552	51.435058	1.022870	3.148423	10.128468
7023	8846.859620	51.116431	0.941859	3.149238	10.332167
7025	8848.940965	52.877881	0.764465	3.151211	10.407902
7027	8851.022497	17.928202	-3.575313	3.201066	10.428168
7031	8855.186467	53.392229	0.834284	3.149112	10.402440
7033	8857.268106	49.085902	1.010240	3.149639	10.607703
7035	8859.349655	52.383686	0.973955	3.151330	10.052984
7043	8867.675656	59.182884	0.574044	3.176616	10.578560
7047	8871.839258	50.450200	0.998950	3.151769	10.688761
7051	8876.001383	54.141481	0.531045	3.174547	10.293538
7053	8878.083837	49.303424	0.265340	3.139381	10.523996
7057	8882.247106	51.088129	1.012407	3.152276	10.034165
7061	8886.408034	54.934801	0.570846	3.175978	10.193660
7063	8888.489829	49.725173	-4.646329	3.205237	10.205501
7067	8892.654287	50.988823	-1.099156	3.138624	10.038515
7069	8894.735953	61.133456	-4.528596	3.194176	10.356291
7071	8896.817390	49.054247	0.976247	3.151632	9.964034
7077	8903.060839	57.826817	0.486731	3.177727	10.034430
7079	8905.142896	41.338619	0.382684	3.172516	10.145070
7081	8907.225227	26.075960	-4.454866	3.228915	10.136341
7087	8913.469321	47.177678	0.983307	3.151844	10.441101
7089	8915.550858	51.101142	0.489057	3.174508	10.446802
7091	8917.632304	53.576618	0.623362	3.183614	10.408911
7093	8919.714432	50.401268	0.552992	3.181422	10.160744
7095	8921.795737	55.545730	0.592096	3.184329	10.513856
7097	8923.877725	53.120980	0.639385	3.184155	10.527263
7103	8930.122051	50.214896	0.579197	3.181444	10.377415
7105	8932.203899	53.366720	-5.073120	3.191659	10.297174
7109	8936.367066	49.740119	1.107652	3.157540	10.149256
7115	8942.610339	51.844959	0.290938	3.145161	9.862537
7117	8944.693054	51.354226	1.015134	3.158291	10.567612
7119	8946.774877	50.793161	0.693369	3.162649	10.505459
7121	8948.855275	45.116437	-4.602859	3.212807	10.157849
7127	8955.100950	52.459360	0.783263	3.156845	10.411074
7129	8957.181719	59.026025	0.546498	3.185330	10.579308
7135	8963.426831	52.430979	0.774248	3.161872	10.398044
7137	8965.508676	53.079615	0.311361	3.170962	10.159734
7139	8967.590540	49.237856	0.541068	3.185418	10.323297
7143	8971.753056	48.888905	0.837720	3.186283	10.250095
7145	8973.834514	53.413984	0.339502	3.148842	10.412262
7147	8975.916503	49.563973	3.420879	3.233326	10.449932
7149	8977.997810	51.947406	0.307734	3.147615	10.480781
7167	8996.731426	60.069632	0.545011	3.190858	10.600136
7169	8998.813321	23.123090	-3.077929	3.219188	10.273030
7173	9002.976652	49.591113	0.933160	3.161953	10.376277
7177	9007.139093	53.901440	0.774733	3.166660	10.463631
7179	9009.221447	52.348989	-4.662152	3.214661	10.085952
7181	9011.303394	50.750413	3.332667	3.243433	10.270638
7183	9013.384293	51.634610	-5.109512	3.199759	10.177063
7189	9019.629330	53.026286	0.802024	3.165686	10.319518
7191	9021.710733	53.344763	0.306602	3.153720	10.019624
7193	9023.791697	51.561920	0.533498	3.188940	10.371497
7199	9030.037052	51.605610	0.777889	3.168544	10.204761
7201	9032.118383	38.464919	-2.552013	3.204212	10.316876
7203	9034.199411	52.922295	0.427928	3.187016	10.384478
7205	9036.281072	48.148095	-4.968597	3.202664	10.432371
7207	9038.362936	49.926529	0.974430	3.166475	10.547791
7213	9044.608132	49.902943	1.003739	3.167910	10.469334
7217	9048.770933	53.116841	0.980477	3.163736	9.992142
7223	9055.015792	52.127361	1.028423	3.169915	10.299231
7227	9059.178666	51.455046	1.011229	3.170045	10.409357
7229	9061.259812	56.709929	0.493630	3.192829	10.246449
7231	9063.341822	76.285127	-4.375731	3.219178	9.944511
7233	9065.422524	52.166775	0.811956	3.172225	10.511816
7235	9067.505185	54.304400	-4.392208	3.209225	10.545681
7249	9082.075171	51.948370	0.972218	3.171502	10.388392
7253	9086.238544	50.731837	0.550696	3.196629	9.952532
7255	9088.319885	60.282483	-4.407396	3.212006	10.357427
7257	9090.401777	50.300947	-0.371912	3.159074	10.499450
7259	9092.483338	52.760331	0.927465	3.172134	10.634360
7263	9096.646887	52.324299	1.240071	3.211224	10.419775
7275	9109.135909	52.141954	1.266852	3.176740	10.189867
7289	9123.706929	51.116397	1.045208	3.177511	10.468773
7295	9129.951672	54.294587	0.522544	3.181729	10.411107
7301	9136.197066	53.886952	0.977093	3.178820	10.233711
7303	9138.278838	47.983779	1.007922	3.178077	10.448694
7305	9140.360500	55.889956	0.586078	3.202800	10.380408
7307	9142.441355	61.047059	-4.102077	3.219636	10.194970
7309	9144.522186	53.449814	0.741102	3.180026	10.167337
7311	9146.604542	44.257403	0.503242	3.154989	10.324523
7313	9148.686011	53.371684	0.805031	3.175081	10.254699
7315	9150.768347	54.018771	0.587195	3.206545	10.572802
7325	9161.175502	52.010668	1.033385	3.181342	10.253945
7333	9169.500506	60.892342	0.544211	3.211451	10.517453
7335	9171.582629	52.468836	-4.324558	3.220662	10.655976
7337	9173.664049	51.297858	0.051546	3.171952	10.504347
7339	9175.745977	59.267993	0.603437	3.210384	10.093269
7341	9177.827728	58.330914	-4.455289	3.223898	10.459036
7343	9179.909360	50.665374	0.540554	3.195404	10.097522
7345	9181.990052	57.587899	0.581685	3.212021	10.549127
7347	9184.072281	52.677725	0.393637	3.191120	10.120846
7349	9186.153912	55.369274	0.543897	3.210693	10.755462
7351	9188.235509	53.219430	0.641984	3.211934	9.945000
7353	9190.317505	56.401020	-5.017778	3.216257	10.455796
7359	9196.561598	51.042096	0.499302	3.206808	10.307749
7361	9198.643703	36.130336	-2.822330	3.220621	10.230953
7367	9204.888772	59.575576	0.603019	3.217799	10.378413
7369	9206.969552	57.382115	-4.129587	3.228439	10.280991
7375	9213.215049	52.095612	0.998485	3.187169	10.322023
7381	9219.459504	54.424463	0.988429	3.189205	10.337400
7385	9223.622380	52.949396	0.726538	3.189588	10.288326
7387	9225.704275	53.222612	-0.530716	3.206367	10.389360
7389	9227.785471	56.918492	-4.422391	3.230635	10.413334
7391	9229.867406	45.827242	-1.917871	3.150265	10.408454
7401	9240.274686	52.668954	1.012751	3.189254	10.322664
7403	9242.356646	51.464795	1.025175	3.188998	10.702000
7405	9244.438324	52.864288	1.004627	3.189073	10.922177
7407	9246.519008	62.553106	0.612114	3.219354	10.417932
7409	9248.600930	54.791495	0.522839	3.217638	10.421662
7413	9252.763342	45.215690	1.108753	3.188504	10.210104
7417	9256.927218	54.137538	0.396670	3.220396	10.468664
7419	9259.009427	52.325797	-4.610387	3.237152	10.395835
7423	9263.172049	44.779525	0.880530	3.187500	10.359160
7425	9265.252854	49.220265	0.447876	3.211954	10.573420
7427	9267.334672	51.108522	0.474539	3.175942	10.812724
7435	9275.659982	55.214928	0.591788	3.218394	10.486450
7437	9277.742464	51.700232	0.527979	3.218317	10.359228
7439	9279.824042	49.577189	0.217988	3.212328	10.490132
7441	9281.905539	55.814749	-4.408783	3.236272	10.353848
7445	9286.068372	50.457359	0.471298	3.213177	10.359090
7447	9288.150626	63.109501	-4.194723	3.229812	10.633736
7451	9292.313313	50.406672	1.037988	3.194617	10.311853
7455	9296.477107	51.572104	0.577335	3.216539	10.456824
7457	9298.558532	52.309162	-5.050348	3.226567	10.594847
7465	9306.884217	48.416477	0.329160	3.212103	10.233090
7471	9313.129653	49.950025	1.043965	3.196867	10.526441
7473	9315.210786	44.660702	1.106438	3.189169	10.636405
7481	9323.537569	47.093099	0.930683	3.196322	10.032608
7483	9325.618176	53.233151	0.553740	3.219468	10.324612
7487	9329.781261	48.097349	-0.089111	3.199038	10.209004
7489	9331.863560	51.204439	0.396839	3.186464	10.373115
7497	9340.189490	52.604167	1.006743	3.199658	10.264696
7503	9346.433668	56.119672	0.519560	3.227332	10.456171
7505	9348.516017	57.200958	0.621091	3.194604	10.317280
7507	9350.597691	48.666031	3.401798	3.273280	10.271194
7509	9352.678692	56.073835	0.542980	3.228263	10.345162
7511	9354.760904	53.272458	0.457323	3.191812	10.495113
7517	9361.005025	54.533372	0.584004	3.227147	10.373498
7519	9363.087050	51.492850	0.099004	3.193076	10.409079
7529	9373.493843	55.996247	0.611428	3.227400	10.699720
7531	9375.575763	54.112358	0.520050	3.205516	10.307336
7533	9377.657816	45.266424	-3.811090	3.244896	10.270712
7535	9379.739143	53.428889	0.581888	3.229332	10.653153
7537	9381.820541	52.977710	0.635362	3.229731	10.465880
7539	9383.902560	6.686239	-6.019053	4.057125	10.286074
7545	9390.147806	58.294872	0.624042	3.234409	10.328943
7547	9392.229386	55.238750	0.365895	3.194165	10.177957
7559	9404.718295	49.078657	-0.011735	3.217170	10.218236
7561	9406.799592	51.037687	0.397624	3.192511	10.283437
7565	9410.962275	52.745648	0.890563	3.207461	10.161761
7567	9413.043421	45.939506	-5.219543	3.240754	10.258721
7575	9421.371087	49.349904	0.656082	3.230305	10.415239
7585	9431.778556	51.864371	0.862377	3.209955	10.312319
7595	9442.185724	57.388961	0.604232	3.240462	10.225107
7597	9444.267059	53.482423	0.312512	3.199016	10.125605
7599	9446.348804	53.421325	0.318730	3.205102	10.212845
7607	9454.676093	52.836806	0.669135	3.215288	10.028475
7609	9456.757853	46.381837	0.402611	3.189266	10.549554
7615	9463.001972	51.726152	0.850184	3.210255	10.300220
7617	9465.084209	53.154410	1.145657	3.243184	10.355922
7621	9469.246675	45.632019	0.113514	3.200855	10.425957
7627	9475.491245	53.348089	0.646933	3.240214	10.432202
7629	9477.572581	50.051134	0.534417	3.234509	10.089978
7633	9481.734643	60.036399	0.613462	3.245853	10.274814
7635	9483.817596	54.884233	0.428855	3.204471	10.107525
7637	9485.897987	49.129368	0.091372	3.203655	10.330243
7639	9487.980802	52.413209	1.034683	3.213394	10.558288
7641	9490.062278	49.639473	0.594143	3.238494	10.338088
7643	9492.143400	45.091339	0.170843	3.225829	10.309958
7645	9494.225240	57.445048	-4.258482	3.256348	10.206612
7653	9502.551014	51.075483	1.051717	3.214874	10.366335
7657	9506.714170	48.649604	0.960539	3.212871	10.004944
7673	9523.367287	49.399405	0.594972	3.240217	10.386857
7675	9525.449061	53.048614	0.349111	3.205057	10.296037
7679	9529.612508	51.488022	1.041412	3.218513	10.365466
7687	9537.937738	54.626340	0.636624	3.250984	10.285695
7689	9540.019738	51.046204	-5.075370	3.248531	10.112243
7695	9546.264713	42.421576	0.683631	3.208306	10.553073
7703	9554.590581	49.068447	0.638900	3.215574	9.810319
7705	9556.672748	48.130697	-0.349815	3.224546	10.508303
7709	9560.835431	54.692658	0.660048	3.248233	10.374845
7711	9562.916909	53.459741	0.597013	3.247629	10.439785
7713	9564.998570	53.857195	0.556355	3.222590	10.161112
7715	9567.080516	54.647359	-4.886010	3.251457	10.515065
7717	9569.162403	49.818031	-0.516616	3.228046	10.485144
7719	9571.243529	56.959897	-4.208508	3.260650	10.229530
7721	9573.324759	56.579239	0.525386	3.259309	10.483775
7723	9575.406788	62.740074	-4.025880	3.257718	10.344386
7727	9579.569930	55.786855	0.613346	3.250580	10.004118
7729	9581.650889	54.962589	0.475782	3.249047	10.405988
7731	9583.733327	40.621059	3.431681	3.201901	10.374944
7733	9585.813885	47.939810	0.938687	3.220555	10.149611
7737	9589.977402	55.307362	0.603544	3.251560	10.579233
7753	9606.630368	56.520157	0.634820	3.256055	10.480952
7755	9608.711138	54.034020	-4.377222	3.270951	10.092087
7759	9612.875446	47.032465	0.889125	3.224739	10.563491
7767	9621.201310	53.154359	0.751888	3.228798	10.403488
7769	9623.281888	59.042756	-4.748662	3.256154	10.355889
7773	9627.446377	48.135636	-1.491873	3.215242	10.422355
7775	9629.527844	55.942575	0.455724	3.254452	10.106206
7781	9635.771774	52.135096	1.013309	3.228679	10.518560
7785	9639.935860	52.065259	1.006376	3.229396	10.626244
7787	9642.016867	56.952545	0.617323	3.259619	10.633066
7789	9644.098526	55.628084	0.436511	3.220512	10.323687
7793	9648.261091	50.304557	1.012232	3.230500	10.319552
7803	9658.669738	52.569913	1.048104	3.232177	10.577957
7807	9662.833002	50.877769	0.507094	3.255506	10.457238
7809	9664.914606	53.779870	-4.776530	3.257636	10.381963
7817	9673.240010	41.323727	0.583480	3.206405	10.387022
7821	9677.404153	51.800222	0.464443	3.260236	10.382305
7827	9683.648439	47.808481	0.910812	3.229895	10.028230
7831	9687.811232	53.191945	0.585348	3.257828	10.598027
7837	9694.055988	52.862544	1.030295	3.235032	10.141880
7841	9698.218603	52.017320	0.592973	3.258939	10.321393
7843	9700.300710	65.039140	-4.084605	3.271683	10.083476
7845	9702.382379	52.491939	0.960162	3.236399	10.185996
7847	9704.464470	50.365233	0.897808	3.235848	10.420707
7849	9706.545532	49.742589	0.486411	3.254990	10.210843
7851	9708.627566	53.427423	-4.631330	3.264645	10.442613
7855	9712.790073	50.557042	1.073386	3.237902	10.263386
7859	9716.953760	52.515535	0.839572	3.236235	10.344739
7861	9719.035553	68.069142	-3.821127	3.261805	10.677778
7865	9723.198495	52.294959	1.009743	3.236245	10.458661
7869	9727.361313	54.099935	0.635979	3.269704	10.437362
7871	9729.443132	55.161263	0.551566	3.265317	10.168868
7873	9731.525229	58.554853	-4.118531	3.275061	10.426593
7883	9741.931722	52.073052	0.742304	3.242905	10.263745
7887	9746.095446	52.394403	0.601130	3.266857	10.216024
7889	9748.176382	54.103885	0.644706	3.268948	10.576404
7891	9750.258741	50.354804	0.392525	3.258826	10.366476
7893	9752.339405	51.622678	0.576168	3.242485	10.179022
7897	9756.503721	50.161217	0.983655	3.238686	10.199942
7903	9762.747655	43.543903	0.232372	3.253247	10.480257
7905	9764.830045	53.620427	0.317817	3.266078	10.316986
7907	9766.910871	55.345014	0.558973	3.269631	10.294524
7911	9771.074702	53.720510	1.006207	3.244029	10.254761
7913	9773.155455	53.711257	0.608294	3.272266	10.347699
7915	9775.237481	63.490604	-4.059064	3.278979	10.384514
7921	9781.482120	49.932134	1.063342	3.245970	10.386937
7925	9785.645612	50.304617	2.123419	3.253999	10.284992
7927	9787.727203	49.438989	1.063969	3.243712	10.318528
7929	9789.808843	53.088956	1.208835	3.286844	10.326821
7931	9791.889971	44.723358	-3.968020	3.281999	10.713035
7935	9796.052904	46.691319	0.871600	3.244738	10.363534
7937	9798.135199	53.074379	1.004499	3.244847	10.373635
7939	9800.216410	54.056260	0.758013	3.247522	10.286374
7941	9802.298346	57.490000	-3.886032	3.279094	10.202902
7943	9804.378955	56.670988	0.632830	3.274856	10.056599
7949	9810.623868	54.868647	0.639632	3.274977	10.312007
7951	9812.705883	56.160464	-3.984514	3.284236	10.390759
7953	9814.787078	52.088418	0.802199	3.249744	10.375935
7955	9816.868592	51.057262	0.238347	3.267710	10.317796
7963	9825.194448	51.265060	1.188158	3.245395	10.298691
7973	9835.602949	52.783254	0.707012	3.250999	10.602022
7977	9839.766085	53.671394	0.600652	3.257232	10.127629
7979	9841.848576	51.255511	0.524250	3.270731	10.307856
7981	9843.929154	50.495035	-5.231385	3.280183	10.455561
7989	9852.255604	51.489779	0.537634	3.277955	9.930117
7991	9854.336696	69.626417	-3.847136	3.283044	10.057315
7997	9860.582153	54.187999	0.637421	3.278205	10.207167
7999	9862.663955	61.857977	-3.936356	3.286783	9.976301
8001	9864.745211	47.442728	0.370441	3.245005	10.430302
8003	9866.826353	48.751475	0.985507	3.248114	10.401353
8005	9868.908484	52.085609	1.029517	3.253207	10.160207
8009	9873.071128	45.365252	1.181292	3.257920	10.486162
8013	9877.234880	52.058571	0.831581	3.253479	10.567475
8021	9885.560549	49.533814	0.481337	3.275245	10.540741
8023	9887.642466	54.245971	0.408603	3.247694	10.527736
8035	9900.132086	51.562031	1.071257	3.257233	10.355927
8037	9902.213885	53.937967	1.186702	3.300011	10.526537
8043	9908.458151	47.570784	0.577895	3.277128	10.322456
8045	9910.539768	51.670686	0.589662	3.257955	10.216629
8051	9916.784381	52.182899	0.425617	3.242920	10.274914
8053	9918.865705	51.964396	0.795851	3.257828	10.533530
8055	9920.947927	56.893245	-4.904725	3.294360	10.323003
8057	9923.029761	55.368394	0.130516	3.296140	9.816872
8061	9927.192234	51.395715	0.897444	3.257923	10.155819
8063	9929.273509	53.342027	-4.164065	3.301488	10.540735
8067	9933.437391	52.425968	0.826365	3.260309	10.523465
8069	9935.518474	52.934387	0.329494	3.248413	10.158881
8071	9937.600513	53.334851	0.729444	3.263574	10.213972
8073	9939.682013	44.307848	-3.867304	3.294853	10.246626
8079	9945.926658	48.721248	0.998908	3.260920	10.404195
8091	9958.415174	50.383836	0.536861	3.285564	10.113987
8093	9960.497748	53.518278	0.525033	3.264972	10.568001
8097	9964.661176	51.270866	-1.235395	3.256974	10.725302
8099	9966.742384	52.420395	-1.690950	3.272365	10.637341
8101	9968.823357	49.873111	0.627713	3.281245	10.680420
8119	9987.557963	56.287962	0.320832	3.301296	10.340473
8121	9989.639883	54.410152	-4.023829	3.296314	10.160181
8123	9991.721190	50.544517	0.547872	3.290098	10.069064
8125	9993.802509	2.524377	-15.921260	4.576093	9.836639
8129	9997.965897	51.118732	1.042491	3.268516	10.052326
8137	10006.291784	55.440285	0.644506	3.301102	10.461286
8139	10008.374002	53.017376	0.335260	3.257154	10.499531
8143	10012.537348	48.612434	0.985468	3.267769	10.620325
8147	10016.699268	51.039553	0.640784	3.286279	10.083036
8149	10018.781166	53.941206	0.552832	3.272168	10.317438
8157	10027.107907	53.700312	0.804986	3.272256	10.468416
8161	10031.271134	50.019951	1.058876	3.276356	10.526279
8163	10033.352746	47.724335	-0.029388	3.283952	10.053200
8165	10035.433976	52.966753	0.609337	3.294115	10.611866
8167	10037.515076	55.041450	-4.091685	3.304577	10.256851
8169	10039.597233	52.261388	0.809082	3.271323	10.333110
8171	10041.678403	55.327801	-4.145317	3.311918	10.694564
8175	10045.842331	48.482456	0.951001	3.268540	10.368155
8177	10047.923934	58.984443	0.729357	3.305403	10.057138
8179	10050.005391	60.138262	-4.022185	3.311820	10.343289
8181	10052.085825	49.236093	1.870586	3.278751	10.365107
8189	10060.413171	49.232971	-0.092337	3.287775	10.204759
8191	10062.493500	46.867308	-4.204237	3.309504	10.628957
8199	10070.820563	47.405664	0.949205	3.273634	10.356385
8205	10077.065358	50.956636	0.998041	3.274490	10.271026
8207	10079.146906	52.357028	0.732950	3.276744	10.297705
8209	10081.228782	78.100315	-3.491750	3.301456	10.352498
8213	10085.391739	52.851276	0.803371	3.275927	10.204501
8215	10087.473416	53.931026	0.569839	3.300667	10.652080
8217	10089.554622	48.151100	-4.428594	3.315681	9.804721
8221	10093.718068	50.340087	1.104065	3.277579	10.360671
8235	10108.288939	51.964643	1.061547	3.279016	10.391246
8237	10110.371272	51.251307	0.543146	3.306643	10.378224
8239	10112.452651	52.560724	-5.304647	3.309048	10.492283
8245	10118.696755	52.528923	0.621238	3.309177	10.158995
8247	10120.778722	57.167784	-4.071743	3.319050	10.505477
8249	10122.859565	44.108924	-0.253419	3.273188	10.259399
8251	10124.941873	54.490655	0.668026	3.287378	10.244811
8255	10129.105216	45.338930	-0.340299	3.282437	10.313847
8257	10131.186456	53.546647	0.364479	3.271271	10.183399
8263	10137.430465	48.865652	0.360608	3.299661	10.490915
8265	10139.512442	51.443260	1.893346	3.285255	10.159014
8269	10143.675284	58.859563	0.668322	3.309310	10.600105
8271	10145.756819	53.329705	0.181681	3.272167	10.209016
8277	10152.002216	55.755024	0.629451	3.310141	10.318095
8279	10154.083523	63.524664	-3.730852	3.315740	10.408961
8281	10156.165951	53.186283	0.681773	3.284311	10.242472
8283	10158.246142	55.089327	0.520481	3.309404	10.377359
8287	10162.409975	45.467071	0.198347	3.298198	10.370209
8291	10166.573525	52.234137	0.987086	3.284314	10.041425
8293	10168.655410	49.622322	1.028743	3.286447	10.321337
8297	10172.818059	53.209854	0.471966	3.286778	10.239670
8305	10181.144069	47.410861	-1.457600	3.261144	10.338444
8307	10183.225516	53.241573	0.671391	3.306756	10.352943
8309	10185.307795	50.947123	0.550733	3.305210	10.325240
8311	10187.389721	40.910837	-4.351092	3.290864	10.444438
8317	10193.634286	49.765023	-0.002848	3.301158	10.311303
8319	10195.714944	52.619912	0.491187	3.288566	10.056343
8323	10199.877829	59.716765	0.668139	3.324467	10.278168
8325	10201.960343	52.653480	-3.965079	3.324169	10.413641
8329	10206.122929	54.210448	1.038659	3.292768	10.635079
8331	10208.204702	52.995237	-0.061266	3.315986	10.186434
8333	10210.286610	51.686654	-3.738443	3.308382	10.410776
8335	10212.367282	56.533122	0.717841	3.318483	10.251767
8337	10214.449520	53.282165	0.522943	3.312396	10.347913
8343	10220.694142	50.185841	0.660297	3.312781	10.474126
8345	10222.775594	52.605889	0.535212	3.291544	10.346800
8347	10224.857339	48.159961	-4.416322	3.327474	9.979856
8349	10226.939261	51.691096	1.011135	3.290512	10.501305
8351	10229.020003	50.347556	0.421650	3.313444	10.060190
8355	10233.183272	50.702192	0.591260	3.286204	10.447457
8357	10235.265098	54.340483	0.672307	3.320333	10.296617
8363	10241.509532	53.554275	0.805701	3.294219	10.401805
8365	10243.591758	48.389526	-4.384917	3.328970	10.630549
8371	10249.836527	52.994587	0.726856	3.294379	10.358173
8373	10251.917570	58.095173	0.701798	3.289417	10.060389
8379	10258.162699	51.606989	0.763283	3.293411	10.275637
8381	10260.244620	52.767091	0.408462	3.284887	10.615504
8383	10262.326432	47.595779	0.277030	3.313470	10.495578
8385	10264.407873	50.336184	-4.142692	3.331310	10.337906
8387	10266.488460	53.812319	0.654251	3.330272	10.041436
8393	10272.733940	50.506560	2.034284	3.303464	10.672491
8397	10276.897036	52.516527	0.749829	3.299114	10.553991
8409	10289.386783	51.840637	0.635707	3.322442	10.172844
8411	10291.467609	50.510572	0.032456	3.306585	10.517983
8413	10293.549288	51.722586	-3.706952	3.326322	9.975317
8417	10297.713158	51.972161	0.849714	3.297427	10.674006
8419	10299.794070	56.101347	0.580061	3.289495	10.122622
8421	10301.875471	52.819048	0.697517	3.298674	10.508542
8423	10303.957216	51.647267	0.490356	3.300395	9.984438
8425	10306.038935	58.961559	-3.492169	3.320797	10.284473
8431	10312.283299	51.546859	0.990405	3.301294	10.190914
8433	10314.364859	54.866720	0.687698	3.338516	10.423302
8435	10316.446293	52.679664	0.578853	3.322190	10.238650
8437	10318.527753	47.143374	-4.932210	3.317018	10.358867
8439	10320.609670	46.579351	-1.524451	3.280552	10.647523
8441	10322.691459	43.443213	-4.039160	3.302279	10.672562
8443	10324.773776	49.629167	1.052330	3.301643	10.406190
8445	10326.855284	55.195893	0.666205	3.330469	10.355040
8447	10328.936861	46.390307	-0.181266	3.299540	10.231305
8449	10331.017238	53.168725	0.322434	3.289757	10.300286
8455	10337.262710	53.061761	0.808623	3.302336	10.435689
8457	10339.343998	52.849144	0.312995	3.290312	10.485442
8461	10343.507358	54.088367	0.688583	3.331542	10.671377
8465	10347.670266	58.203861	-3.618292	3.329935	10.473243
8469	10351.833461	49.796736	-0.380553	3.290851	10.043265
8475	10358.077896	58.371168	0.701114	3.339962	10.293789
8477	10360.159859	52.791178	0.388166	3.289743	10.588111
8483	10366.403793	61.375897	0.733385	3.376447	10.551389
8485	10368.485767	47.678856	0.224504	3.309967	10.525377
8487	10370.567726	53.458690	0.604082	3.328696	10.342558
8489	10372.650014	56.171169	-3.937626	3.342361	10.431938
8497	10380.975409	53.801635	0.605352	3.329361	10.019534
8499	10383.057315	52.432763	0.478979	3.307013	10.488882
8501	10385.139253	53.519283	0.922162	3.314741	10.505008
8511	10395.547067	50.489617	-0.503137	3.323571	10.262235
8513	10397.628693	52.742521	-3.815604	3.340718	10.389728
8515	10399.709450	52.733213	0.748734	3.308106	10.265872
8519	10403.873087	52.774706	0.668540	3.308404	10.498915
8521	10405.955022	47.781234	-3.742381	3.336140	10.178435
8523	10408.036102	53.328217	1.038222	3.308372	10.298762
8529	10414.280842	49.808302	1.047371	3.306607	10.227313
8531	10416.361640	57.924180	0.716457	3.345445	10.367660
8533	10418.444244	49.201792	0.124347	3.315966	10.081364
8535	10420.525632	52.417529	0.368321	3.300985	10.384987
8541	10426.770191	51.214600	0.577479	3.334807	10.140472
8543	10428.851698	52.208761	0.291958	3.326005	10.377227
8545	10430.933624	52.823105	0.433654	3.306852	10.937941
8547	10433.014825	43.915843	-0.638599	3.312847	10.741730
8549	10435.096505	52.969269	-0.072113	3.329836	10.312565
8551	10437.179052	52.080203	0.489972	3.330425	10.424425
8553	10439.260655	51.938153	0.259825	3.330588	10.384823
8561	10447.586640	49.327784	0.202220	3.325238	10.012554
8563	10449.667278	75.474901	-3.391041	3.327594	10.197249
8573	10460.075796	53.571290	0.609631	3.341063	10.144113
8575	10462.157188	51.830497	0.520685	3.333472	10.207582
8583	10470.483243	48.904566	0.368635	3.334052	10.285717
8587	10474.646438	49.524973	0.960762	3.312808	10.584356
8589	10476.727800	45.483488	0.675394	3.309156	10.220664
8591	10478.809990	48.384870	0.864528	3.308572	10.690034
8597	10485.054792	55.094105	-2.199848	3.335173	10.109398
8599	10487.136107	48.792876	-0.033626	3.305355	10.142485
8603	10491.299771	56.287239	0.693669	3.350136	10.136313
8605	10493.380836	49.256193	-0.016242	3.325971	10.537491
8607	10495.463005	51.840398	-0.764580	3.326395	10.363511
8609	10497.544268	58.381253	0.719471	3.353697	10.317040
8611	10499.626537	43.820718	0.218383	3.311902	10.256142
8613	10501.707149	49.837114	1.097209	3.319619	10.274893
8619	10507.952107	55.259307	0.649408	3.347296	10.208902
8623	10512.115739	45.667802	-2.360617	3.276960	10.217192
8625	10514.196497	53.057216	0.333451	3.335811	10.418419
8635	10524.604513	59.233592	0.899229	3.350971	10.357222
8639	10528.768507	53.147627	0.870910	3.318108	10.661253
8645	10535.013362	49.365933	1.010870	3.323994	10.354389
8653	10543.338837	51.838185	1.036302	3.322183	10.241544
8655	10545.420400	49.863346	0.068705	3.331146	10.293501
8661	10551.664775	51.078686	0.660802	3.350394	10.165653
8671	10562.072963	46.983706	-0.676745	3.334486	10.346011
8673	10564.154072	52.687735	-0.074172	3.346647	9.834358
8675	10566.236476	52.098642	0.067650	3.342092	10.586696
8677	10568.318532	53.488546	0.344115	3.311455	10.685420
8681	10572.481274	44.190518	0.264693	3.355807	10.377851
8683	10574.562648	48.176017	0.206738	3.329484	10.256308
8687	10578.725965	52.657335	1.044555	3.323443	10.328730
8689	10580.807415	53.472070	0.836602	3.326261	10.626205
8691	10582.889724	57.232980	-4.661242	3.360444	10.420953
8693	10584.970149	48.608764	0.394008	3.345777	10.401161
8695	10587.052186	52.901298	0.565340	3.346783	10.587968
8697	10589.133905	53.234072	0.324209	3.315333	10.434871
8699	10591.214508	49.454901	0.993290	3.328722	10.569020
8701	10593.297401	49.934291	1.054940	3.324704	10.374524
8703	10595.378493	40.223939	0.173526	3.234207	10.651868
8707	10599.542088	52.878410	0.717492	3.327447	10.392438
8721	10614.113542	52.960261	-0.029921	3.316094	10.360346
8723	10616.194133	51.154934	0.601557	3.360449	9.992689
8725	10618.275928	42.056817	-0.309505	3.286928	10.439626
8733	10626.602158	52.530355	0.725091	3.331307	10.254621
8735	10628.684407	49.730713	3.809840	3.303279	10.720437
8743	10637.010689	46.946640	0.721582	3.331041	10.168149
8745	10639.092558	53.452358	0.738574	3.330159	10.375490
8747	10641.174047	52.292545	0.393713	3.319720	10.420823
8749	10643.254808	55.261184	0.674321	3.363723	10.218856
