num crossings	time (s)	maj axis (mm)	min axis (mm)	theta (rad )	slope (V/s)
24167	25608.697220	53.260841	0.596476	6.304803	4.645445
24169	25610.785674	52.329034	0.299547	6.303456	4.576890
24171	25612.874232	52.278413	0.254399	6.304167	4.362447
24175	25617.050785	52.503690	0.300259	6.303677	4.528982
24185	25627.493593	51.511420	0.116302	6.304197	4.602428
24191	25633.759178	52.677798	0.274042	6.303871	4.643186
24193	25635.847542	51.724127	0.187899	6.304895	4.588381
24199	25642.113564	52.398867	0.278211	6.303406	4.544417
24207	25650.468555	52.737218	0.659095	6.304906	4.512251
24209	25652.556917	52.542755	0.610537	6.304519	4.548323
24213	25656.733715	53.066926	0.588031	6.304814	4.497559
24215	25658.821450	52.361405	0.283029	6.302904	4.451987
24221	25665.086809	52.714434	0.607327	6.304505	4.637323
24223	25667.175385	52.345255	0.131181	6.303715	4.521616
24225	25669.263500	52.624436	-0.458515	6.302635	4.552500
24229	25673.440117	53.112960	0.124983	6.304955	4.416139
24235	25679.706209	52.422673	0.274503	6.303631	4.537297
24237	25681.794493	51.688326	0.196488	6.305329	4.477307
24241	25685.971632	51.964204	0.129472	6.304524	4.551020
24243	25688.060280	52.234885	0.245049	6.303829	4.563010
24245	25690.149075	52.851962	-0.713820	6.305658	4.637263
24249	25694.326148	52.401615	0.662015	6.305118	4.727669
24251	25696.414174	52.630540	0.114206	6.304443	4.521783
24267	25713.122945	52.625193	0.114344	6.303693	4.588129
24269	25715.211892	58.016299	-2.572351	6.316496	4.436625
24271	25717.300007	51.864311	0.132750	6.304032	4.538677
24273	25719.388523	53.378547	0.202086	6.301066	4.508763
24275	25721.477335	52.593415	0.607729	6.305419	4.437679
24277	25723.565514	52.116604	0.122196	6.304392	4.477083
24283	25729.831139	52.787920	0.268980	6.304422	4.539319
24285	25731.919502	51.847376	0.185959	6.306058	4.483257
24287	25734.008171	50.918875	0.186740	6.306297	4.636460
24289	25736.096414	51.686137	0.192429	6.306205	4.568500
24293	25740.273281	52.479174	0.256675	6.304021	4.671091
24295	25742.362268	53.107756	0.197841	6.301276	4.496931
24297	25744.450939	52.779823	0.581600	6.305270	4.516301
24299	25746.539465	51.833521	0.104791	6.305466	4.620167
24301	25748.628028	51.107924	0.173943	6.305489	4.791852
24305	25752.805427	52.899376	0.107118	6.304127	4.525862
24311	25759.071149	52.550986	0.246173	6.303643	4.358646
24313	25761.159653	52.383647	0.220470	6.304047	4.568948
24315	25763.248107	51.186830	0.170869	6.305434	4.697044
24319	25767.425317	52.023580	0.088899	6.304064	4.643386
24323	25771.602374	53.837977	0.566241	6.304816	4.629025
24333	25782.044299	52.670310	0.583825	6.305203	4.762462
24335	25784.133031	52.429253	0.603418	6.305435	4.449253
24341	25790.398373	52.570221	0.250949	6.304162	4.426142
24349	25798.752404	52.490804	0.256214	6.304199	4.548807
24353	25802.929996	52.391598	0.603088	6.305431	4.713791
24355	25805.018158	51.335190	0.110958	6.305416	4.550000
24357	25807.106785	52.650073	-0.666473	6.306315	4.549332
24365	25815.461259	52.490603	0.105965	6.305725	4.601745
24367	25817.549961	51.163112	0.172604	6.306182	4.564775
24371	25821.727122	52.135497	0.600536	6.305903	4.644100
24375	25825.903943	51.856932	0.109375	6.290110	4.633593
24379	25830.081067	52.493485	0.256294	6.288931	4.449849
24381	25832.169523	52.629211	-0.640146	6.289830	4.592173
24383	25834.257985	52.449725	0.625075	6.290683	4.645694
24385	25836.346438	53.250305	0.586673	6.290499	4.382350
24387	25838.435144	52.635414	0.630713	6.290631	4.528471
24389	25840.523442	52.523709	0.255377	6.289373	4.636865
24397	25848.877178	52.482144	0.627494	6.291665	4.655351
24399	25850.965675	52.854901	0.591255	6.291475	4.428073
24401	25853.053981	52.482619	0.264236	6.290350	4.359339
24403	25855.138769	52.620508	-0.763758	6.291980	4.503934
24407	25859.319752	52.476585	0.634329	6.291440	4.603378
24413	25865.585208	51.365565	0.082192	6.291224	4.536037
24415	25867.673786	51.702661	0.154922	6.291389	4.570619
24421	25873.939585	51.742497	0.664342	6.291388	4.608416
24427	25880.205264	52.368357	0.096313	6.290797	4.540457
24429	25882.293937	52.129661	0.224771	6.290208	4.420205
24435	25888.559643	52.707689	0.559500	6.290383	4.488348
24439	25892.736118	53.311229	0.598770	6.292203	4.536835
24445	25899.001812	53.346415	0.573544	6.292492	4.736981
24447	25901.090246	51.849692	0.077700	6.291691	4.511505
24457	25911.532933	52.558215	0.110066	6.291580	4.554042
24459	25913.621197	51.575281	0.174907	6.292317	4.623292
24465	25919.887236	52.059876	0.123395	6.291890	4.590179
24469	25924.064046	52.849309	0.107570	6.293091	4.552126
24471	25926.153051	52.272840	0.239142	6.290612	4.625665
24477	25932.418164	52.402680	0.293731	6.290530	4.581413
24481	25936.595543	52.480053	0.277108	6.291361	4.648826
24483	25938.684197	53.000961	-0.929116	6.293203	4.548159
24485	25940.772290	52.217302	0.103323	6.291601	4.549858
24491	25947.037805	52.353342	0.287349	6.290169	4.585898
24493	25949.126890	50.978996	0.207502	6.292618	4.263461
24501	25957.480612	52.541924	0.126742	6.291910	4.532200
24505	25961.657787	53.130009	0.619071	6.292085	4.614249
24507	25963.746018	51.705264	0.690899	6.292486	4.475060
24509	25965.834049	51.704977	0.146280	6.292711	4.581776
24513	25970.011337	52.102335	0.298248	6.291398	4.590749
24515	25972.100156	52.313384	0.270796	6.291777	4.691858
24519	25976.277085	52.073824	0.143728	6.292338	4.674330
24521	25978.365883	51.066436	0.213388	6.293640	4.429876
24525	25982.542290	52.575392	0.654489	6.293428	4.577175
24527	25984.630954	52.429308	0.294951	6.291743	4.551754
24529	25986.720008	52.712356	-0.558884	6.292561	4.565805
24531	25988.808704	52.377708	0.672859	6.292512	4.550588
24537	25995.074153	52.420411	0.695814	6.292524	4.633698
24543	26001.339858	52.457350	0.148453	6.292851	4.552176
24545	26003.428311	51.414983	0.220424	6.293510	4.694957
24555	26013.870622	52.487756	0.138802	6.293203	4.372056
24561	26020.136668	52.745034	0.641710	6.293609	4.474964
24567	26026.401913	52.354760	0.644725	6.293154	4.523392
24569	26028.490376	52.462973	0.269139	6.292479	4.616773
24571	26030.578859	51.751034	0.191012	6.293866	4.553260
24573	26032.667185	50.835731	0.190231	6.294098	4.582099
24577	26036.844721	52.871095	0.645286	6.293697	4.557078
24583	26043.110018	51.808159	0.139125	6.293298	4.456755
24589	26049.375976	51.230279	0.140889	6.293820	4.471471
24593	26053.552705	53.003532	0.634586	6.293645	4.638260
24599	26059.818898	50.953954	0.155113	6.293943	4.569198
24603	26063.995201	51.660875	0.154667	6.294156	4.673252
24605	26066.084170	52.647098	-0.725132	6.295020	4.558720
24617	26078.615195	52.366696	0.138665	6.292993	4.702208
24621	26082.792387	52.216804	0.685338	6.294001	4.588204
24627	26089.057324	52.720147	0.628341	6.293863	4.516037
24629	26091.146171	52.123508	0.126771	6.294817	4.542213
24631	26093.234481	51.110282	0.188201	6.294878	4.701419
24633	26095.322742	50.993399	-0.615495	6.293206	4.757119
24635	26097.412105	52.294791	0.111182	6.294807	4.470599
24639	26101.588630	52.969628	0.599461	6.294031	4.417163
24647	26109.942945	52.286976	0.254057	6.292536	4.611537
24657	26120.385397	52.412891	0.601260	6.293585	4.578115
24663	26126.651317	52.451430	0.095189	6.293596	4.561469
24667	26130.828135	52.615620	0.256551	6.292883	4.588892
24669	26132.916543	51.550438	0.167145	6.295024	4.571010
24671	26135.005257	53.032316	0.179510	6.289790	4.555849
24673	26137.093959	52.814848	0.603827	6.294779	4.568469
24675	26139.181969	52.510700	0.602525	6.295135	4.601287
24681	26145.447562	51.709275	0.644606	6.294075	4.553437
24685	26149.624517	52.541759	0.610256	6.293948	4.623561
24687	26151.713777	50.870136	0.110590	6.295762	4.576325
24693	26157.978841	52.089339	0.104371	6.294185	4.604512
24711	26176.776036	52.285885	0.296752	6.293256	4.663006
24713	26178.864096	51.677764	0.200932	6.295342	4.569654
24721	26187.218287	52.280083	0.677516	6.295779	4.396245
24723	26189.307040	51.871292	0.637298	6.295162	4.622983
24733	26199.749475	52.633419	0.145054	6.295996	4.524825
24735	26201.838199	52.683107	-0.463068	6.295602	4.595269
24741	26208.103622	52.434566	0.677602	6.295561	4.587300
24743	26210.192278	52.185570	0.307751	6.294287	4.347096
24749	26216.458178	52.774159	0.647769	6.295795	4.637651
24753	26220.635250	52.122915	0.168392	6.295781	4.476091
24765	26233.166139	50.592375	0.182050	6.298199	4.663993
24767	26235.254634	51.294551	0.234972	6.296865	4.289316
24775	26243.608942	52.631403	0.688066	6.296489	4.549374
24777	26245.697452	52.379920	0.334066	6.295513	4.600910
24781	26249.874446	52.002363	0.179228	6.297641	4.512465
24791	26260.316848	50.652004	0.189320	6.297648	4.488554
24793	26262.405249	51.762900	0.268208	6.297956	4.456659
24795	26264.493767	51.692819	0.272479	6.297976	4.685299
24797	26266.582530	52.605629	-0.797831	6.298178	4.634236
24801	26270.759374	52.209518	0.197196	6.297764	4.643387
24803	26272.848332	51.860921	0.253613	6.297659	4.687182
24807	26277.024973	52.520894	0.353640	6.296215	4.578327
24809	26279.113989	52.197147	0.313458	6.296504	4.531774
24813	26283.290845	51.682297	0.193590	6.297558	4.537477
24815	26285.379222	51.094483	-0.623184	6.297509	4.591588
24817	26287.467827	52.838200	0.186822	6.298378	4.572507
24825	26295.822273	52.302196	0.198574	6.297509	4.549461
24829	26299.998921	52.331517	0.351290	6.296687	4.627515
24833	26304.176088	50.748831	0.232254	6.300309	4.640593
24837	26308.353044	52.454868	0.215639	6.298546	4.620525
24843	26314.618999	52.450501	0.703785	6.297889	4.493108
24845	26316.707338	52.462134	0.368685	6.297003	4.655090
24847	26318.796073	50.939951	-0.517396	6.297146	4.586594
24855	26327.149576	52.336775	0.371370	6.296982	4.634567
24865	26337.592131	52.501505	0.750542	6.298982	4.466111
24869	26341.768710	52.253570	0.371820	6.297388	4.624395
24877	26350.123623	52.613844	0.736803	6.299412	4.611931
24879	26352.212235	52.242855	0.365579	6.297470	4.552817
24881	26354.301040	52.331711	0.330145	6.298119	4.448985
24883	26356.389275	52.839063	0.305648	6.294891	4.637774
24885	26358.477844	52.234538	0.368121	6.297675	4.582082
24891	26364.743373	52.250302	0.351784	6.298271	4.624065
24895	26368.920540	52.338473	0.719049	6.299215	4.597496
24901	26375.186092	52.851587	0.693317	6.299337	4.548218
24905	26379.363139	52.591002	0.689428	6.299541	4.578428
24911	26385.628327	52.173898	0.363709	6.298834	4.617681
24913	26387.717325	51.609046	0.271100	6.300790	4.513277
24915	26389.805904	51.789539	0.277110	6.300733	4.402551
24921	26396.071257	52.730568	0.217333	6.301159	4.662638
24929	26404.425419	52.488678	0.722357	6.300351	4.655917
24933	26408.602576	49.427969	0.211952	6.300662	4.611622
24935	26410.691080	52.190213	0.329763	6.299616	4.514399
24939	26414.868186	52.317778	0.376253	6.299549	4.628966
24947	26423.222045	52.542064	0.718402	6.301226	4.731506
24949	26425.310816	52.248503	0.374290	6.299994	4.608182
24957	26433.665119	52.845360	0.212166	6.300967	4.542888
24959	26435.753431	52.238700	0.334416	6.300160	4.613403
24961	26437.841961	51.036309	0.295801	6.301957	4.647827
24963	26439.930500	52.618700	-0.503529	6.300539	4.610595
24965	26442.018978	52.658283	0.701153	6.301044	4.639218
24969	26446.196080	52.251159	0.749597	6.301243	4.627728
24971	26448.284362	52.630796	0.713190	6.300860	4.639046
24975	26452.461709	52.192719	0.731357	6.301078	4.522367
24979	26456.638659	52.283943	0.360980	6.300142	4.600283
24981	26458.727100	52.694769	-0.485666	6.300699	4.508513
24983	26460.815351	52.173337	0.219219	6.301649	4.602435
24985	26462.903827	52.563216	-0.445094	6.300407	4.605327
24989	26467.081111	52.168244	0.387063	6.299734	4.590567
24995	26473.346670	51.561060	0.211732	6.301559	4.605827
25003	26481.701078	52.155618	0.219049	6.301854	4.419009
25005	26483.789486	52.568036	-0.547958	6.301527	4.673884
25009	26487.966678	52.481483	0.209174	6.301728	4.588059
25011	26490.055249	51.364350	0.277746	6.302495	4.612091
25019	26498.409145	50.143223	0.222683	6.301989	4.625502
25023	26502.586349	52.615486	0.376359	6.300349	4.652982
25027	26506.762842	51.772287	0.221329	6.302497	4.653966
25029	26508.851587	51.463508	0.282197	6.303080	4.637505
25033	26513.028704	52.150178	0.360003	6.301094	4.470883
25035	26515.117446	51.533638	0.274652	6.302977	4.614478
25037	26517.205562	51.077024	0.271011	6.302364	4.468511
25039	26519.294362	52.565384	-0.429909	6.300284	4.605529
25041	26521.382656	52.399147	0.378876	6.300611	4.723539
25043	26523.471476	51.656427	0.278414	6.302863	4.500817
25045	26525.559897	57.229230	-2.172698	6.313373	4.517097
25049	26529.737202	52.753681	0.713827	6.302637	4.497526
25051	26531.825505	52.435966	0.722131	6.302346	4.667642
25053	26533.913721	52.948003	0.709646	6.302473	4.507112
25057	26538.090998	52.348710	0.360049	6.301578	4.400234
25061	26542.268047	52.314105	0.203510	6.303442	4.502324
25065	26546.445659	52.283155	0.210480	6.303146	4.665421
25071	26552.710873	52.717759	0.719852	6.303494	4.459271
25073	26554.799729	52.281574	0.363073	6.301421	4.654880
25079	26561.065042	52.659478	0.711289	6.303080	4.585149
25081	26563.153436	52.275546	0.217090	6.302848	4.564116
25085	26567.330783	52.355559	0.219256	6.303231	4.664774
25089	26571.507170	52.538088	0.714476	6.303496	4.613747
25095	26577.772966	52.544293	0.681961	6.304683	4.576407
25099	26581.950003	52.460719	0.721210	6.303691	4.473914
25103	26586.127033	52.106270	0.367885	6.302308	4.613536
25105	26588.215598	51.387111	0.259667	6.304225	4.618803
25107	26590.304100	51.564301	0.270993	6.304220	4.531978
25109	26592.392754	51.631683	0.270068	6.304301	4.711604
25115	26598.658360	51.197336	0.209939	6.304283	4.595577
25119	26602.835357	51.359855	0.211809	6.303848	4.573972
25125	26609.101070	53.092893	0.694879	6.304834	4.569016
25127	26611.189507	52.165934	0.384074	6.303144	4.546302
25133	26617.455122	52.402657	0.371710	6.303470	4.464958
25137	26621.632175	52.326510	0.373014	6.303712	4.686507
25141	26625.808887	52.612528	0.708755	6.304990	4.508485
25147	26632.074637	52.562577	0.708118	6.305722	4.511018
25149	26634.163122	52.358794	0.379604	6.304922	4.672615
25153	26638.340306	52.724604	0.706163	6.305972	4.668205
25155	26640.428841	52.219141	0.376845	6.304531	4.657232
25165	26650.871801	51.740113	0.235398	6.306003	4.579871
25167	26652.960329	51.776722	0.286954	6.305825	4.607216
25169	26655.048812	52.155251	0.346931	6.304442	4.581961
25175	26661.314172	52.189685	0.394053	6.303846	4.600210
25177	26663.402927	53.042410	-0.726213	6.304647	4.376791
25179	26665.491183	52.993488	0.266572	6.307391	4.673153
25181	26667.579633	52.525949	-0.650973	6.305645	4.633982
25183	26669.668250	50.353119	0.244069	6.306764	4.640021
25195	26682.198644	52.331215	0.390418	6.304695	4.591590
25197	26684.287386	51.758055	0.295382	6.306667	4.690240
25199	26686.376363	50.697235	0.318228	6.307295	4.386657
25205	26692.641743	52.203301	0.249076	6.306928	4.479948
25207	26694.730304	51.633028	0.316325	6.307739	4.628778
25209	26696.819063	51.573814	0.302466	6.307408	4.633852
25211	26698.907275	51.215058	0.298367	6.307378	4.556765
25215	26703.085028	52.471937	0.404626	6.305605	4.461144
25217	26705.172874	51.666727	0.303528	6.307275	4.523984
25219	26707.261788	50.795264	0.315266	6.307538	4.596468
25223	26711.438891	52.569888	0.737962	6.307273	4.593957
25227	26715.615420	52.662280	0.741518	6.307316	4.735060
25231	26719.792788	52.891396	0.260186	6.308477	4.504567
25233	26721.881291	51.168820	0.316720	6.308374	4.727823
25235	26723.969974	52.487244	-0.414378	6.306740	4.593530
25243	26732.323982	52.457242	0.747986	6.307749	4.621483
25247	26736.500953	52.366202	0.774282	6.308052	4.603448
25251	26740.678165	52.590294	0.256700	6.308515	4.753716
25253	26742.766671	51.496588	0.325608	6.309164	4.654517
25257	26746.943670	52.089998	0.250488	6.307969	4.719144
25261	26751.120505	52.393791	0.754065	6.307810	4.507609
25265	26755.297700	52.651950	0.742824	6.307876	4.559208
25271	26761.563516	52.428514	0.399338	6.307225	4.596744
25275	26765.740976	53.178205	0.716646	6.308605	4.500616
25281	26772.005923	52.384672	0.741410	6.308597	4.273971
25285	26776.183340	50.565799	0.249159	6.309907	4.680838
25289	26780.360455	52.671699	0.735883	6.309144	4.466803
25297	26788.714370	53.293929	0.738652	6.309551	4.465152
25301	26792.891744	52.414337	0.407635	6.307836	4.712897
25303	26794.979956	52.246729	0.356218	6.308447	4.653524
25309	26801.245475	52.784377	0.726813	6.309556	4.672709
25313	26805.422273	52.161371	0.221067	6.309108	4.499569
25317	26809.599503	52.506224	0.374181	6.308288	4.556955
25321	26813.776421	52.211670	0.354822	6.307998	4.662480
25323	26815.864818	52.000119	-0.709573	6.309497	4.608507
25325	26817.953772	52.355926	0.354530	6.307471	4.466757
25327	26820.042166	51.324411	0.271631	6.309469	4.572536
25335	26828.396328	52.181264	0.397178	6.307188	4.494810
25337	26830.484886	52.156231	0.342136	6.307872	4.550745
25339	26832.573573	58.161464	-2.427375	6.320242	4.651594
25343	26836.750398	52.296654	0.381900	6.308071	4.533878
25347	26840.927528	52.455169	0.235498	6.309579	4.494360
25349	26843.015841	51.170200	0.311951	6.310654	4.621529
25351	26845.104504	50.803488	-0.533566	6.308736	4.627035
25353	26847.192846	52.902345	0.234893	6.311026	4.658551
25355	26849.281251	51.444358	0.296526	6.310632	4.541330
25361	26855.547023	51.268434	0.221099	6.310032	4.617692
25363	26857.635753	52.566824	-0.477580	6.308867	4.668964
25367	26861.812787	51.831431	0.225512	6.310787	4.525172
25371	26865.989590	52.627559	0.683082	6.310948	4.602772
25373	26868.078126	52.452408	0.200928	6.311014	4.392082
25375	26870.166901	52.739268	0.310206	6.306998	4.570337
25381	26876.432283	53.043699	0.690865	6.310129	4.541484
25383	26878.520858	52.761137	0.696982	6.309894	4.570923
25385	26880.609641	52.511575	0.709483	6.309855	4.480438
25393	26888.964149	52.350249	0.682098	6.309977	4.649791
25395	26891.052073	52.089057	0.213855	6.310275	4.481676
25401	26897.317765	51.160975	0.231100	6.310665	4.734834
25405	26901.494168	52.185797	0.389703	6.310297	4.553330
25413	26909.848499	51.817921	0.236938	6.311388	4.600400
25417	26914.025675	52.487512	0.235842	6.311649	4.599560
25419	26916.114393	52.008156	0.350878	6.310309	4.620690
25421	26918.202628	51.320302	0.294414	6.311861	4.575034
25427	26924.468381	50.911234	0.238371	6.311457	4.724916
25437	26934.911266	52.618594	0.756972	6.311487	4.608077
25439	26936.999732	52.364769	0.416232	6.310695	4.687529
25441	26939.088264	51.664499	0.323771	6.313430	4.611090
25445	26943.265340	52.569918	0.745393	6.313345	4.527089
25447	26945.354001	51.743815	0.260188	6.312841	4.544615
25453	26951.619261	52.723137	0.751026	6.312881	4.496872
25455	26953.707881	52.396773	0.410337	6.311599	4.522540
25457	26955.796719	51.702176	0.374419	6.311967	4.487918
25459	26957.885055	51.026686	0.331765	6.314004	4.598337
25463	26962.062087	52.498314	0.780222	6.313168	4.756559
25465	26964.150594	52.252628	0.409424	6.311514	4.590922
25471	26970.415973	51.397794	0.274176	6.313173	4.671730
25475	26974.592943	52.247353	0.744918	6.312719	4.507592
25479	26978.770274	52.479084	0.750347	6.312997	4.679334
25481	26980.858564	52.448339	0.411179	6.312071	4.562309
25487	26987.124403	51.938036	0.260435	6.313213	4.687697
25489	26989.212979	53.010442	0.345182	6.309886	4.509621
25493	26993.390054	52.829154	0.713248	6.313640	4.547651
25499	26999.655625	52.324077	0.384010	6.312226	4.672233
25501	27001.744163	51.323657	-0.633299	6.313696	4.651527
25505	27005.921406	52.844982	0.754193	6.313457	4.366990
25507	27008.009821	50.071881	0.248113	6.313313	4.567241
25509	27010.098373	53.257704	0.323113	6.309146	4.488437
25511	27012.187159	52.352646	0.240541	6.313586	4.620937
25515	27016.363879	53.104678	0.721373	6.314199	4.564104
25517	27018.451765	50.878819	0.253661	6.314032	4.610040
25519	27020.541167	50.746050	0.332068	6.315517	4.269099
25523	27024.717780	51.891599	0.402163	6.313049	4.548603
25527	27028.895017	51.258274	0.231414	6.315450	4.624153
25533	27035.160489	50.898552	0.238196	6.314364	4.488009
25537	27039.337465	53.007965	0.697190	6.314284	4.702485
25539	27041.426136	52.733136	0.747909	6.315300	4.434145
25541	27043.514594	52.211237	0.400990	6.313761	4.615809
25545	27047.691624	52.316851	0.404718	6.313585	4.624271
25549	27051.868834	51.732097	0.266045	6.315062	4.671698
25553	27056.045909	52.638313	0.250396	6.314750	4.689708
25555	27058.134526	52.006031	0.377214	6.313780	4.597598
25563	27066.488798	52.205338	0.763968	6.315066	4.541492
25571	27074.842536	52.304476	0.406937	6.315076	4.639475
25575	27079.019782	51.511548	0.273229	6.316060	4.633617
25577	27081.108126	58.395401	-2.473064	6.327854	4.372952
25583	27087.373598	52.210323	0.727781	6.315275	4.480975
25587	27091.550644	52.523647	0.268663	6.316604	4.606607
25591	27095.727910	52.694163	0.723759	6.315794	4.652504
25595	27099.904997	52.216562	0.760268	6.316448	4.469401
25597	27101.993618	52.575644	0.729898	6.316657	4.640548
25599	27104.081906	52.940725	0.271926	6.317364	4.428788
25601	27106.170479	53.032640	-0.760676	6.316988	4.710974
25603	27108.259070	51.745294	0.258834	6.316357	4.595188
25609	27114.524604	52.692137	0.774019	6.316944	4.538253
25611	27116.613523	52.335639	0.778707	6.316642	4.834934
25615	27120.790651	52.368356	0.755999	6.316770	4.458533
25617	27122.879112	50.605917	0.269576	6.317447	4.603230
25619	27124.967796	51.204373	0.341926	6.318680	4.556076
25621	27127.056321	52.201852	0.387224	6.316731	4.545937
25623	27129.144340	50.979615	-0.241811	6.316045	4.504616
25629	27135.410351	52.442394	0.744727	6.316817	4.556200
25631	27137.499146	52.343815	0.425225	6.316046	4.585222
25633	27139.587071	52.529301	-0.646144	6.316999	4.679855
25635	27141.675422	52.744374	0.745097	6.317777	4.705500
25639	27145.853029	52.933946	0.737685	6.317904	4.470450
25641	27147.941936	52.041456	0.256703	6.317515	4.616354
25643	27150.030216	51.101749	-0.574209	6.317278	4.675767
25645	27152.118602	52.124000	0.268984	6.317859	4.566653
25647	27154.206731	51.549251	0.313314	6.318542	4.603396
25651	27158.383254	52.264611	0.254742	6.317601	4.437486
25653	27160.472135	51.248228	0.318497	6.318799	4.488626
25657	27164.649920	52.221223	0.241445	0.034744	4.540389
25661	27168.826342	52.480671	0.737965	0.034598	4.600385
25663	27170.914996	52.629453	0.745686	6.317815	4.484219
25669	27177.180477	52.821091	0.733151	6.317828	4.627239
25671	27179.269123	52.430436	0.757662	6.317931	4.670126
25677	27185.534557	52.405944	0.733240	6.317767	4.584657
25681	27189.711945	52.783141	0.258267	6.319454	4.582283
25687	27195.977303	51.211642	0.235565	6.317941	4.650233
25691	27200.154307	52.465890	0.233729	6.318670	4.509300
25697	27206.419848	51.913595	0.237223	6.318486	4.603638
25699	27208.508494	51.444633	0.282527	6.318960	4.668552
25701	27210.596881	51.406181	-0.657146	6.318368	4.591854
25705	27214.773986	51.649252	0.237418	6.318384	4.524951
25709	27218.951154	52.220728	0.237643	6.318869	4.664828
25711	27221.039430	51.605416	0.309197	6.319560	4.634259
25717	27227.305102	52.397296	0.389638	0.034424	4.591352
25725	27235.659550	52.013108	0.747517	0.035479	4.664068
25727	27237.747983	52.308397	0.377908	0.034388	4.547043
25731	27241.925059	52.173274	0.738165	0.036094	4.727636
25733	27244.013603	52.232976	0.379952	0.034663	4.530787
25737	27248.190490	52.540795	0.683078	0.035936	4.651995
25739	27250.279223	52.895951	0.675227	0.035870	4.457654
25745	27256.544623	52.720743	0.679609	6.318734	4.586807
25755	27266.986997	52.971423	0.662246	6.318508	4.554923
25757	27269.075378	51.975401	0.727149	6.318711	4.463980
25763	27275.341239	52.283101	0.340737	6.317300	4.526439
25767	27279.518325	50.941522	0.193586	6.319462	4.566461
25769	27281.606906	51.460351	0.251803	6.319425	4.610614
25771	27283.695461	50.838106	0.257930	6.319722	4.377825
25775	27287.872011	52.390224	0.343671	6.317420	4.620480
25777	27289.960812	52.208024	0.305844	6.317786	4.487406
25781	27294.138072	50.495133	0.194594	6.318813	4.715845
25783	27296.226624	52.737113	-0.721514	6.318925	4.615620
25787	27300.403809	52.772242	0.190177	6.319211	4.519810
25789	27302.492252	52.014937	-1.067916	6.320366	4.630514
25791	27304.580824	52.951461	0.642034	6.318631	4.698130
25793	27306.669247	52.016545	0.181876	6.318825	4.712639
25795	27308.757760	51.642907	0.250073	6.319752	4.533528
25797	27310.846555	51.706120	0.242821	6.319608	4.520780
25799	27312.935054	51.197155	0.246000	0.036706	4.506875
25801	27315.023339	52.505307	-0.738230	0.035900	4.565869
25807	27321.288964	52.727895	0.644842	0.035446	4.510448
25813	27327.554524	51.437923	0.177495	6.319341	4.490643
25815	27329.643029	52.666214	-0.946791	6.320511	4.597508
25817	27331.731994	52.833572	0.651982	6.319143	4.598701
25819	27333.819450	52.054558	0.686612	6.319026	4.532704
25821	27335.908577	52.955504	0.178511	0.036860	4.738334
25823	27337.997044	51.579298	0.242886	0.036956	4.631728
25829	27344.263057	52.926570	0.675811	6.319354	4.656678
25831	27346.351427	52.395308	0.325251	0.034644	4.555066
25833	27348.439881	52.168241	0.276709	6.318535	4.412105
25837	27352.616919	52.493235	0.640126	6.319242	4.683934
25841	27356.793826	52.415162	0.641864	6.319120	4.494548
25845	27360.971003	52.654244	0.639632	0.035794	4.677865
25847	27363.059385	52.662132	0.654102	0.035882	4.587626
25849	27365.148132	52.055242	0.171480	0.036050	4.648875
25853	27369.325134	52.566263	0.649957	6.319102	4.668209
25855	27371.413944	53.072830	0.656278	0.036378	4.560659
25859	27375.590901	52.159939	0.333593	0.035325	4.634893
25861	27377.679204	52.051232	0.283889	0.035891	4.675190
25865	27381.856661	51.825533	0.175674	0.037119	4.478315
25869	27386.033887	52.327299	0.189509	0.036981	4.389065
25871	27388.121546	52.549364	-0.677558	0.036660	4.354839
25881	27398.564745	52.885914	0.187154	0.037033	4.557860
25883	27400.653110	52.146215	0.307110	0.035748	4.464556
25887	27404.830346	52.776162	0.684622	0.036790	4.483277
25889	27406.918833	53.012500	0.678215	0.036836	4.757507
25895	27413.184615	50.556325	0.203649	0.037053	4.579694
25899	27417.361544	52.294042	0.241400	0.038676	4.595911
25901	27419.450021	51.104896	0.320475	0.039853	4.708294
25903	27421.538625	51.419073	0.283092	0.038873	4.598974
25905	27423.627330	51.573855	0.284094	0.038981	4.677545
25909	27427.804623	52.145785	0.382262	0.035778	4.612008
25911	27429.892815	51.557978	0.280658	0.038133	4.540595
25913	27431.981442	51.051200	0.294598	0.038623	4.624636
25915	27434.069808	52.088416	0.326810	0.037045	4.716023
25921	27440.336082	52.424826	0.285520	0.031557	4.484802
25923	27442.424614	52.843951	0.687665	0.037860	4.596350
25927	27446.600822	50.463482	0.230572	0.038025	4.652844
25937	27457.043909	52.021359	0.245480	0.038235	4.610682
25943	27463.309184	52.547087	0.248016	0.039198	4.589798
25947	27467.486285	52.796181	0.708842	0.038507	4.546832
25951	27471.663355	53.188700	0.704408	0.039030	4.577270
25955	27475.840290	52.302922	0.731496	0.038846	4.572652
25957	27477.929129	50.989911	0.248406	0.039583	4.551580
25961	27482.106163	51.879431	0.245861	0.039211	4.660333
25963	27484.194989	51.805352	0.314563	0.040645	4.461809
25967	27488.371663	51.642929	0.248426	0.039944	4.598348
25969	27490.460586	52.188347	0.358962	0.039016	4.783969
25971	27492.548930	49.264673	0.311530	0.040409	4.584082
25975	27496.726167	52.156693	0.738291	0.038866	4.510055
25977	27498.814235	52.273145	0.267209	0.040460	4.632375
25979	27500.902892	52.506546	-0.554479	0.039306	4.679825
25983	27505.080173	51.245210	0.250362	0.039647	4.653064
25993	27515.522829	52.190731	0.416413	0.039038	4.626282
25995	27517.610681	51.966471	0.378679	0.039684	4.606769
25999	27521.788159	51.344312	0.277164	0.040880	4.538298
26001	27523.876687	52.563502	-0.429819	0.039531	4.534978
26005	27528.053625	52.864209	0.751675	0.040979	4.681093
26013	27536.407909	52.674658	0.748314	0.040892	4.538637
26015	27538.496479	52.246284	0.424823	0.040296	4.592590
26017	27540.584932	51.477151	0.351448	0.042352	4.539468
26019	27542.673866	52.016491	0.402164	0.040307	4.647866
26021	27544.762373	50.774746	0.344011	0.041847	4.632996
26025	27548.939232	52.549804	0.757117	0.041099	4.571773
26031	27555.205098	52.476452	0.433671	0.040798	4.636108
26033	27557.293370	51.090697	0.389885	0.043339	4.463074
26039	27563.557830	51.909247	0.309065	0.042207	4.628830
26047	27571.912887	52.211708	0.299097	0.042329	4.566350
26051	27576.089860	52.017304	0.455039	0.040813	4.653765
26055	27580.267021	52.506588	0.441850	0.041442	4.452995
26061	27586.532543	51.950318	0.301623	0.042525	4.742695
26063	27588.620915	52.607121	-0.598007	0.041778	4.599376
26065	27590.709566	52.549882	0.782869	0.041406	4.725058
26067	27592.798408	52.163255	0.773785	0.041463	4.715761
26069	27594.886950	52.325500	0.448007	0.041298	4.610148
26077	27603.240906	52.271412	0.302524	0.043101	4.635084
26081	27607.418008	52.069185	0.808131	0.042759	4.422759
26083	27609.506555	52.241207	0.315565	0.043389	4.513235
26087	27613.683975	51.799921	0.317175	0.043756	4.443658
26089	27615.772307	53.111558	-0.537416	0.042580	4.603291
26091	27617.860700	52.332991	0.453172	0.042265	4.763859
26093	27619.949374	51.625675	0.367817	0.044374	4.649423
26095	27622.037868	50.969439	0.369304	0.044501	4.661719
26103	27630.391868	53.032846	0.739895	0.045180	4.441313
26107	27634.568806	50.341273	0.285997	0.044491	4.579262
26111	27638.745765	52.362372	0.298486	0.044707	4.620849
26113	27640.834831	51.395240	0.353861	0.045314	4.722431
26115	27642.923284	52.234627	0.407025	0.043640	4.548070
26119	27647.100116	52.885850	0.729825	0.043721	4.478396
26121	27649.188864	52.366301	0.428871	0.043157	4.588611
26123	27651.277566	53.052130	-0.991895	0.045612	4.565024
26125	27653.365807	52.168342	0.771735	0.043974	4.605987
26127	27655.454099	53.391131	0.756883	0.044867	4.500297
26129	27657.542873	52.247724	0.307233	0.044528	4.483516
26137	27665.897089	52.326986	0.733120	0.044015	4.518315
26143	27672.162442	52.462239	0.440295	0.044592	4.467267
26145	27674.251102	50.863973	0.376557	0.046856	4.729638
26151	27680.516569	52.264500	0.456582	0.044567	4.564653
26157	27686.782045	52.340684	0.306176	0.045862	4.554765
26159	27688.870898	51.637902	0.359955	0.046316	4.559441
26163	27693.047852	52.467854	0.443677	0.044686	4.480465
26167	27697.224606	52.523745	0.777979	0.045268	4.468628
26169	27699.313297	52.657517	0.310903	0.045703	4.576785
26173	27703.491115	52.652227	0.775926	0.047690	6.095300
26177	27707.667321	51.843656	0.321654	0.048570	4.665612
26185	27716.021594	52.679100	0.776442	0.048353	4.478907
26187	27718.110431	51.398477	0.765694	0.046943	4.441587
26189	27720.198566	52.641940	0.452972	0.047432	4.479470
26191	27722.287040	52.286383	0.422186	0.047773	4.598308
26195	27726.463469	52.720129	0.308341	0.048856	4.546345
26207	27738.995698	52.221190	0.462772	0.047731	4.848768
26209	27741.083596	52.688893	-0.582866	0.049090	4.571741
26215	27747.349694	53.061613	0.774729	0.049528	4.426298
26217	27749.438251	52.602245	0.763654	0.048972	4.521215
26219	27751.526877	52.231131	0.318691	0.050166	4.646758
26227	27759.880810	52.566097	0.322905	0.050095	4.697270
26231	27764.057977	52.239687	0.763884	0.048937	4.626750
26235	27768.234848	52.427817	0.451110	0.048601	4.485139
26239	27772.411881	52.515680	0.308963	0.049790	4.680463
26241	27774.500542	51.029453	0.368550	0.050979	4.620193
26245	27778.676869	52.510902	0.460830	0.048812	4.615331
26249	27782.854622	53.111566	0.316083	0.050414	4.528439
26251	27784.942787	50.940956	0.383311	0.050991	4.604257
26253	27787.031619	52.389025	0.452419	0.051430	4.555657
26257	27791.208418	52.198920	0.313356	0.051584	4.606059
26259	27793.296723	52.870273	0.397055	0.046755	4.439003
26261	27795.385600	52.322290	0.461377	0.049974	4.475152
26265	27799.562651	51.699249	0.327575	0.051805	4.573009
26273	27807.916616	52.706718	0.314392	0.052376	4.577308
26277	27812.093566	52.136214	0.328898	0.051801	4.632135
26281	27816.270881	52.364677	0.459565	0.050989	4.417924
26285	27820.447875	52.244924	0.308833	0.051970	4.615454
26287	27822.536725	50.577247	0.383307	0.053274	4.625727
26291	27826.713795	52.219602	0.463800	0.050623	4.749203
26295	27830.890537	50.358452	0.323718	0.052033	4.701978
26299	27835.067504	52.237671	0.314129	0.052141	4.729063
26301	27837.156117	53.167311	0.387724	0.047865	4.548602
26303	27839.244857	52.910332	0.760939	0.051704	4.659091
26305	27841.333218	52.720614	0.771268	0.051885	4.629415
26307	27843.421478	52.324617	0.462520	0.051034	4.580164
26311	27847.598615	52.140761	0.317434	0.052977	4.592764
26315	27851.775923	51.838245	0.313202	0.053440	4.503538
26317	27853.864255	52.694828	-0.432470	0.051398	4.663431
26319	27855.952792	52.462275	0.763748	0.051635	4.583914
26323	27860.130196	52.967486	0.779446	0.052904	4.456087
26325	27862.218407	52.617952	0.789350	0.052387	4.562171
26327	27864.306733	52.756300	0.778565	0.052205	4.633354
26329	27866.395594	52.382475	0.456440	0.051933	4.553150
26333	27870.572333	52.362777	0.459744	0.051534	4.451298
26341	27878.926496	52.400240	0.478758	0.051716	4.518867
26345	27883.103598	52.821207	0.778538	0.052740	4.517814
26351	27889.369312	52.331897	0.820713	0.053058	4.635791
26353	27891.457693	52.937209	0.791660	0.053073	4.730548
26355	27893.545963	52.819545	0.780433	0.053107	4.686773
26359	27897.723134	52.568671	0.791184	0.053533	4.537546
26361	27899.811285	52.446008	0.798172	0.053465	4.621306
26363	27901.900478	52.087739	0.324205	0.054285	4.596556
26365	27903.989042	51.139469	-0.468966	0.053527	4.530541
26367	27906.076845	52.483963	0.476613	0.053050	4.469816
26371	27910.254288	52.077719	0.493275	0.052584	4.577366
26373	27912.342495	53.062713	-0.405528	0.052090	4.582233
26375	27914.431511	52.321484	0.498577	0.052638	4.662012
26379	27918.608400	52.360021	0.794494	0.053069	4.684080
26385	27924.874317	52.829337	0.790256	0.054035	4.512067
26389	27929.051270	52.234436	0.493511	0.053190	4.497655
26391	27931.139640	50.329040	0.412210	0.055955	4.460214
26393	27933.228246	52.793611	-0.707303	0.055273	4.478406
26395	27935.316544	52.672414	0.488118	0.054547	4.587872
26397	27937.404531	51.809177	0.410295	0.056326	4.721242
26399	27939.493900	52.848174	-0.386405	0.054614	4.609086
26401	27941.581924	52.328594	0.496061	0.053849	4.605641
26403	27943.670369	50.820748	0.411737	0.056514	4.489021
26411	27952.024548	52.366907	0.489568	0.054245	4.373390
26413	27954.113032	51.592692	0.406817	0.056430	4.594282
26421	27962.467218	52.389520	0.355671	0.056267	4.469055
26423	27964.555504	51.652443	0.404758	0.056673	4.555503
26425	27966.644475	51.292382	0.399498	0.056776	4.417427
26429	27970.821596	52.509236	0.347595	0.056165	4.557393
26433	27974.997932	52.874504	0.784044	0.055472	4.217591
26435	27977.086951	52.168157	0.352886	0.056837	4.541484
26439	27981.263759	52.394939	0.490555	0.055316	4.460124
26449	27991.706443	53.123469	0.772923	0.057297	4.690204
26451	27993.795035	53.250291	0.785634	0.057347	4.565272
26453	27995.883307	52.393775	0.506704	0.056364	4.514333
26457	28000.060548	51.649694	0.364782	0.057612	4.730888
26461	28004.237881	52.624413	0.374972	0.057468	4.514085
26465	28008.414577	52.792736	0.372964	0.057424	4.517574
26469	28012.591452	52.369036	0.370115	0.057977	4.663804
26471	28014.680019	51.506906	0.430586	0.058634	4.596656
26473	28016.768335	51.640433	0.428281	0.058710	4.555478
26475	28018.857248	52.609294	-0.545296	0.057272	4.595643
26477	28020.945031	52.281379	0.829024	0.057227	4.561452
26479	28023.033877	52.627001	0.509084	0.057241	4.548626
26481	28025.122464	50.917663	0.429201	0.059270	4.398556
26485	28029.299406	51.186486	0.356117	0.058238	4.802622
26487	28031.388001	51.810401	0.403187	0.058713	4.665579
26493	28037.653616	53.199568	0.785202	0.057750	4.518384
26495	28039.742286	50.464083	0.359721	0.058994	4.649126
26499	28043.918982	52.233125	0.350470	0.058644	4.720255
26505	28050.184582	53.040723	0.783225	0.058035	4.512368
26509	28054.361734	52.326470	0.507101	0.057442	4.573779
26513	28058.538844	52.577410	0.505136	0.057967	4.609834
26515	28060.627413	51.464237	0.420183	0.059605	4.695392
26517	28062.715847	52.525939	0.466623	0.058283	4.717215
26521	28066.892566	52.245454	0.379120	0.059636	4.470696
26527	28073.158144	50.486553	0.382736	0.059801	4.744986
26529	28075.246584	51.674522	0.443245	0.061469	4.496096
26537	28083.600838	52.381566	0.377658	0.060463	4.720477
26541	28087.778217	51.873380	0.329922	0.060505	4.609350
26545	28091.955146	53.084839	0.831488	0.060387	4.482105
26547	28094.044001	52.206393	0.852386	0.059987	4.634544
26549	28096.131938	52.145420	0.386425	0.061506	4.702831
26551	28098.221002	50.368702	-0.281537	0.059911	4.564871
26555	28102.398684	52.650196	0.724356	0.062259	4.521525
26561	28108.663544	52.350493	0.389127	0.061357	4.592962
26565	28112.840182	52.534815	0.515855	0.060215	4.488523
26567	28114.928867	52.284258	0.484705	0.060631	4.586213
26569	28117.017435	52.262006	0.484411	0.060507	5.069085
26571	28119.105955	51.731714	0.441174	0.062304	4.606078
26579	28127.460001	53.035308	0.810023	0.061889	4.511424
26581	28129.548621	52.548528	0.834738	0.061725	4.539314
26583	28131.636907	53.036291	0.845952	0.061634	4.437803
26585	28133.725571	51.764199	0.383431	0.061895	4.826694
26587	28135.814221	51.197551	0.438340	0.062836	4.737267
26595	28144.168013	52.655814	0.849754	0.062008	4.699703
26601	28150.433652	52.568987	0.372843	0.063615	4.370836
26603	28152.521883	51.469274	0.442833	0.063784	4.579117
26613	28162.965107	52.437162	0.839543	0.061734	4.450002
26615	28165.053430	51.651535	0.390308	0.063638	4.521233
26619	28169.229973	52.321608	0.530988	0.061814	4.600234
26623	28173.407755	52.448636	0.525459	0.062203	4.436044
26625	28175.496150	50.088619	0.461633	0.064687	4.475979
26631	28181.761389	52.422589	0.393107	0.064125	4.480303
26635	28185.938311	52.874468	0.258178	0.063480	4.484651
26641	28192.203987	51.592457	0.397934	0.064229	4.554220
26647	28198.469521	52.427380	0.378222	0.063978	4.716294
26649	28200.557282	51.733281	0.918995	0.081868	4.545336
26651	28202.645914	50.318756	-1.130163	0.072815	4.746172
26659	28211.000291	52.373748	0.510763	0.064215	4.652309
26661	28213.089142	51.524499	0.464776	0.065156	4.601086
26663	28215.177501	52.205347	0.492397	0.063572	4.558340
26665	28217.265829	52.182928	0.490890	0.063623	4.370950
26669	28221.442727	52.196884	0.386842	0.065655	4.720471
26671	28223.532005	51.090665	0.394450	0.062350	4.574912
26677	28229.797161	52.216407	0.833414	0.063658	4.549643
26679	28231.885560	52.608958	0.816687	0.063969	4.454353
26681	28233.974494	52.324537	0.387892	0.065330	4.664389
26683	28236.062614	51.602588	0.438411	0.065918	4.478363
26685	28238.151529	51.143176	0.446307	0.066449	4.579051
26689	28242.328368	52.826355	0.836554	0.065381	4.699450
26691	28244.416560	52.303048	0.396603	0.066460	4.524757
26695	28248.593647	52.868996	0.841516	0.065496	4.632264
26703	28256.947616	52.265111	0.534179	0.064749	4.518796
26705	28259.036326	52.186674	0.481922	0.065589	4.560386
26707	28261.124686	51.633258	0.422327	0.066948	4.619165
26709	28263.213300	51.101064	0.419673	0.066935	4.518193
26711	28265.301551	51.848722	0.415807	0.066808	4.469088
26713	28267.390113	51.558373	0.409504	0.066700	4.668141
26717	28271.567218	52.106900	0.394239	0.067232	4.548189
26719	28273.655766	51.410898	0.452240	0.067952	4.410725
26725	28279.921497	52.770702	0.813124	0.066524	4.553874
26729	28284.098960	52.458666	0.830942	0.066662	4.510351
26737	28292.452713	52.593822	0.813076	0.066879	4.591642
26739	28294.541768	52.741476	0.649936	0.064106	4.451177
26741	28296.629800	52.546129	0.816801	0.066969	4.682925
26745	28300.806772	53.111733	0.412196	0.069258	4.627628
26755	28311.250529	52.453454	0.843517	0.067420	4.579776
26763	28319.602965	52.606294	0.847270	0.067518	4.558436
26765	28321.691875	52.601834	0.410389	0.068875	4.626342
26769	28325.868480	52.562799	0.405671	0.068967	4.688027
26773	28330.045624	52.599693	0.847629	0.068276	4.445348
26775	28332.134466	52.267703	0.842249	0.068192	4.308322
26777	28334.223090	52.450985	0.521784	0.067793	4.561038
26779	28336.311681	53.199708	-0.159882	0.065841	4.694497
26781	28338.399930	52.407566	0.529592	0.067433	4.357680
26789	28346.754137	53.429361	0.797512	0.068573	4.509131
26791	28348.843011	51.927733	0.410791	0.069679	4.562516
26795	28353.019974	53.113070	0.823116	0.068977	4.554778
26799	28357.196518	52.312741	0.543216	0.068309	4.534468
26803	28361.373770	51.563913	0.399478	0.069884	4.762625
26813	28371.816705	50.492379	0.401152	0.070906	4.453045
26817	28375.994040	52.125806	0.406461	0.070955	4.531292
26821	28380.170499	52.359715	0.822465	0.069377	4.687886
26823	28382.259273	52.580694	0.538734	0.069570	4.558265
26827	28386.435889	52.455607	0.522916	0.069677	4.436572
26831	28390.613419	52.934756	0.825175	0.070424	4.536140
26837	28396.878804	52.161941	0.815490	0.069686	4.570696
26839	28398.967541	52.664414	0.835740	0.070586	4.592318
26841	28401.055856	52.837416	0.399176	0.071935	4.622150
26845	28405.232891	52.490409	0.829850	0.070418	4.690529
26851	28411.498523	52.667537	0.406035	0.072298	4.471697
26855	28415.675103	52.440916	0.535084	0.070308	4.666620
26861	28421.940874	52.555906	0.530775	0.071440	4.572397
26869	28430.294833	52.169304	0.399377	0.072858	4.682235
26871	28432.383145	51.098143	-0.384844	0.071111	4.581742
26873	28434.472114	52.032315	0.409737	0.072907	4.477768
26877	28438.649036	52.854081	0.389277	0.072811	4.505431
26879	28440.737823	51.288818	0.457932	0.073090	4.623058
26881	28442.826047	51.843255	0.455251	0.073137	4.621050
26883	28444.914342	51.480992	0.465185	0.073583	4.582301
26887	28449.091523	52.688753	0.825583	0.072452	4.528387
26889	28451.180137	52.470300	0.541518	0.072101	4.681115
26893	28455.357199	52.194886	0.854612	0.072280	4.727294
26895	28457.445940	51.626055	0.417344	0.073962	4.603905
26899	28461.623194	52.261936	0.538129	0.072852	4.590872
26901	28463.711122	50.913805	0.454728	0.074828	4.613117
26903	28465.799669	51.220521	0.494973	0.074902	4.457131
26907	28469.976506	49.945021	0.419845	0.073500	4.481235
26911	28474.153664	52.726494	0.803621	0.072637	4.581670
26915	28478.331009	52.862877	0.783460	0.072253	4.550424
26919	28482.508220	52.258660	0.844763	0.073625	4.534613
26923	28486.684728	52.602486	0.414822	0.074975	4.533254
26925	28488.774086	52.955015	0.479639	0.070160	4.689287
26927	28490.862059	52.675735	0.389488	0.074369	4.486487
26931	28495.039168	51.862249	0.411351	0.074507	4.522933
26935	28499.215737	52.939300	0.816943	0.073783	4.633270
26937	28501.304502	52.381461	0.528589	0.073612	4.424045
26943	28507.569640	52.435787	0.396626	0.075682	4.608581
26945	28509.658955	51.606648	0.444794	0.075782	4.641635
26949	28513.835339	51.897342	0.385217	0.075052	4.721067
26955	28520.101128	52.888661	0.792622	0.074462	4.619510
26957	28522.189786	52.238234	0.515655	0.073944	4.555082
26961	28526.366401	52.545983	0.808059	0.074754	4.413327
26963	28528.455742	52.528601	0.779155	0.074517	4.510065
26971	28536.802502	51.699248	0.402894	0.066167	4.495916
26975	28540.979162	52.739582	0.850977	0.062223	4.377855
26979	28545.155616	50.115972	0.300915	0.062654	4.422508
26981	28547.245989	50.730985	-0.409915	0.060300	4.808345
26987	28553.510612	52.426266	0.509353	0.062732	4.539784
26989	28555.599117	52.509185	-0.154460	0.059167	4.592046
27009	28576.483768	52.635753	0.366447	0.067962	4.642413
27029	28597.369444	50.711581	0.350156	0.067272	4.615726
27031	28599.458251	52.369418	0.467228	0.065102	4.462891
27033	28601.546654	52.025056	0.349576	0.066095	4.701127
27035	28603.634542	57.892575	-0.854547	0.066584	4.534469
27037	28605.722975	52.433854	0.503190	0.064272	4.807409
27039	28607.811851	53.115089	0.419468	0.059270	4.450271
27041	28609.900237	51.868088	0.357669	0.068520	4.683121
27043	28611.988795	51.584962	0.372460	0.066357	4.542867
27047	28616.165695	52.059474	0.376540	0.068894	5.328568
27049	28618.254262	56.194776	-0.426780	0.063296	4.514541
27051	28620.342860	52.766735	0.491582	0.061962	4.363180
27057	28626.608976	51.918926	0.349869	0.068440	4.380913
27065	28634.962308	52.442760	0.481356	0.065280	4.641713
27067	28637.050458	52.471557	0.444324	0.065852	4.641987
27069	28639.139242	51.710674	0.295944	0.066263	4.465186
27071	28641.227845	51.654447	0.308988	0.066299	4.546479
27073	28643.316852	52.634034	0.020476	0.060337	4.664620
27079	28649.581460	52.305369	0.480174	0.064906	4.461301
27093	28664.201147	52.648065	0.458600	0.065276	4.453120
27095	28666.290055	52.906537	-0.295956	0.062345	4.556531
27099	28670.466957	52.399415	0.327006	0.069132	4.607710
27101	28672.554981	51.888273	0.335058	0.066843	4.679792
27103	28674.643451	55.690255	-0.230642	0.062547	4.590877
27105	28676.731478	52.550489	0.249289	0.062345	4.614810
27107	28678.820315	51.744054	0.285923	0.065161	4.268749
27109	28680.909181	52.294140	0.405008	0.065999	4.615343
27113	28685.086184	50.874398	0.308297	0.068292	4.560088
27123	28695.529029	51.655866	0.314568	0.068488	4.568425
27131	28703.882950	51.846732	0.797344	0.063548	4.561686
27133	28705.971105	52.784569	0.437692	0.065542	4.604932
27135	28708.059852	51.829104	0.293880	0.066542	4.492022
27137	28710.148403	51.172092	0.312788	0.067061	4.644248
27139	28712.236867	52.596930	0.391688	0.065821	4.558853
27141	28714.325291	53.591396	-0.680657	0.063061	4.612922
27143	28716.413818	52.870990	0.305785	0.069561	4.572235
27145	28718.502163	52.536342	0.396413	0.066081	4.535731
27149	28722.678900	51.060301	0.276308	0.066082	4.649899
27151	28724.767599	52.762830	-0.288754	0.062392	4.537960
27153	28726.855857	52.392451	0.297064	0.070181	4.781704
27155	28728.944409	51.680515	0.308037	0.067698	4.565157
27157	28731.032513	56.153867	-0.848960	0.067344	4.468667
27159	28733.120944	52.582715	0.304016	0.070477	4.480155
27161	28735.209497	51.291993	-0.236648	0.062558	4.638629
27171	28745.651911	52.668724	0.775956	0.065075	4.593481
27173	28747.740298	51.693010	0.280978	0.068181	4.628925
27177	28751.917843	52.222303	0.783697	0.064567	4.509468
27191	28766.537467	53.371532	0.722380	0.064692	4.523762
27199	28774.890964	52.679621	0.377711	0.068815	4.527858
27201	28776.979405	50.998978	0.118127	0.060968	4.468985
27205	28781.156656	52.424229	0.265176	0.069854	4.612847
27207	28783.244730	51.282587	0.582722	0.077846	4.616868
27209	28785.333571	51.863007	0.249086	0.068049	4.470268
27211	28787.421741	54.676228	-0.321281	0.063752	4.573320
27213	28789.510562	52.484905	0.248365	0.070263	4.422915
27219	28795.775836	51.201055	0.239609	0.069170	4.692211
27221	28797.864105	51.713140	0.243878	0.068010	4.504634
27223	28799.953145	52.789698	0.006148	0.061488	4.581088
27227	28804.130053	52.220989	0.244056	0.070040	4.519098
27229	28806.218578	52.072344	0.217442	0.067102	4.620282
27235	28812.484265	53.604542	0.730459	0.065444	4.512911
27237	28814.572604	50.784840	0.263487	0.069805	4.465197
27239	28816.661240	53.022124	-0.431101	0.062606	4.525582
27241	28818.749531	53.161583	0.753126	0.065678	4.652810
27247	28825.014956	52.884458	0.750289	0.064863	4.582614
27251	28829.191982	52.678480	0.279250	0.070153	4.547912
27255	28833.369015	53.193473	0.760819	0.065401	4.507440
27259	28837.545610	52.859286	0.420301	0.066498	4.647667
27263	28841.722607	52.897332	0.285003	0.071187	4.527507
27271	28850.076601	53.034361	0.793592	0.066491	4.551217
27275	28854.252934	53.110596	0.284502	0.071946	4.618415
27277	28856.341874	53.639304	-0.264038	0.064021	4.612244
27279	28858.430434	52.711743	0.433081	0.066784	4.607481
27281	28860.518874	51.793405	0.271915	0.068116	4.569029
27283	28862.607497	52.152573	0.292056	0.068262	4.606286
27287	28866.784694	52.587463	0.287784	0.071166	4.600662
27293	28873.050057	53.067021	0.805264	0.066245	4.627344
27305	28885.580975	52.985123	0.797048	0.066227	4.626995
27315	28896.023216	52.845732	0.295411	0.071987	4.730624
27317	28898.111433	54.821069	-0.384393	0.065630	4.688516
27323	28904.376919	52.948581	0.785093	0.066629	4.536016
27325	28906.465649	52.794168	0.434979	0.067361	4.651689
27327	28908.554113	53.617520	-0.071281	0.063779	4.596544
27331	28912.731233	52.684910	0.421842	0.067265	4.491412
27335	28916.908451	52.973034	0.286824	0.072337	4.500355
27341	28923.173626	52.671480	0.407317	0.067695	4.437786
27345	28927.350280	52.809998	0.414831	0.067196	4.642569
27347	28929.439049	52.593832	0.380952	0.067673	4.464055
27349	28931.527749	52.446173	0.371051	0.067658	4.418239
27351	28933.616285	51.986153	0.261701	0.068909	4.549474
27353	28935.704953	52.001626	0.251209	0.068623	4.489034
27355	28937.792933	52.703855	0.377226	0.067955	4.481069
27359	28941.969867	53.135105	0.287818	0.071441	4.613084
27363	28946.146427	52.918159	0.271499	0.071759	4.670956
27365	28948.235024	53.110468	0.323722	0.061851	4.396760
27371	28954.500413	52.838777	0.416805	0.068320	4.550450
27377	28960.766556	53.206452	0.745408	0.066500	4.527989
27383	28967.031931	52.731009	0.418211	0.068112	4.402912
27387	28971.208554	52.534101	0.281544	0.071923	4.674251
27389	28973.297349	51.068264	0.294753	0.070164	4.599092
27393	28977.473822	52.761233	0.284242	0.071291	4.616403
27397	28981.651374	53.053136	0.774669	0.067076	4.565323
27401	28985.827791	52.768067	0.289964	0.071949	4.584072
27409	28994.181905	52.149666	0.292069	0.070663	4.542766
27413	28998.359095	53.466656	0.768383	0.067448	4.568824
27415	29000.447486	52.497831	0.290418	0.072641	4.458519
27419	29004.624723	52.342826	0.287277	0.072233	4.397562
27421	29006.712870	51.962809	0.241806	0.069730	4.689038
27423	29008.800735	53.426662	-0.210629	0.065673	4.627213
27431	29017.154846	53.320250	0.760928	0.066954	4.578434
27435	29021.332017	52.658081	0.445387	0.067862	4.465618
27437	29023.420727	59.190058	-0.494372	0.065882	4.510746
27439	29025.508152	52.761444	0.422555	0.068011	4.686837
27447	29033.863077	52.443474	0.264016	0.073068	4.682102
27451	29038.040162	52.124272	0.258830	0.072209	4.539481
27453	29040.128376	53.149824	-0.199223	0.064409	4.461866
27455	29042.216779	52.985254	0.784520	0.068025	4.504398
27457	29044.305275	50.990670	0.259592	0.071527	4.616341
27475	29063.100986	52.254322	0.277564	0.072080	4.527647
27477	29065.189589	52.063250	0.262277	0.070010	4.490499
27479	29067.278382	52.180267	0.249778	0.069961	4.508975
27481	29069.366413	52.068187	0.271620	0.070105	4.527249
27483	29071.454924	53.488013	0.333825	0.063125	4.497663
27485	29073.543129	53.977052	0.675620	0.066596	4.519730
27491	29079.809019	52.354673	0.289432	0.071660	4.559993
27497	29086.074427	53.525749	0.774315	0.067628	4.682634
27505	29094.428479	53.191276	0.777709	0.067523	4.611895
27509	29098.605496	53.968270	0.720673	0.067448	4.378183
27511	29100.694021	52.839051	0.269334	0.072652	4.481766
27513	29102.782319	56.345656	-0.722696	0.068323	4.556740
27517	29106.959547	52.590873	0.233172	0.071862	4.345227
27521	29111.136177	52.890613	0.209968	0.071236	4.481586
27523	29113.224453	51.244532	0.260330	0.069445	4.440475
27535	29125.755678	52.986843	0.187342	0.071704	4.659036
27537	29127.844094	59.185349	-0.745317	0.066234	4.570517
27541	29132.021126	52.710111	0.206594	0.071331	4.568256
27545	29136.196876	52.676149	0.203967	0.071006	4.576169
27549	29140.374703	52.630997	0.690430	0.066436	4.563369
27551	29142.463086	53.116624	0.210303	0.072184	4.482682
27555	29146.640396	52.822095	0.730380	0.067048	4.733569
27567	29159.171928	52.896719	0.711598	0.067175	4.598586
27569	29161.260334	51.899424	0.237769	0.071100	4.459733
27577	29169.614329	51.842812	0.246027	0.072452	4.504835
27581	29173.791230	52.371428	0.235081	0.072114	4.687480
27583	29175.878500	51.767955	0.253121	0.070162	4.773858
27585	29177.967787	52.196092	0.231421	0.069697	4.665460
27587	29180.055937	53.145825	0.320781	0.062853	4.660425
27589	29182.144668	53.175321	0.750452	0.067876	4.497596
27595	29188.410180	52.317056	0.259228	0.072938	4.519302
27597	29190.498596	51.335222	0.242227	0.070910	4.655096
27599	29192.586957	53.128015	-0.457660	0.065478	4.615242
27603	29196.763278	53.595976	0.712158	0.067920	4.561575
27607	29200.941017	53.019750	0.776736	0.068244	4.591269
27609	29203.029945	52.567023	0.407760	0.068785	4.529882
27611	29205.117771	56.602233	-0.772421	0.068906	4.712602
27613	29207.205574	52.383067	0.263641	0.072867	4.628392
27615	29209.295191	53.777714	-0.152040	0.065917	4.647499
27621	29215.560761	52.455550	0.788144	0.067915	4.630245
27629	29223.914476	52.558293	0.293569	0.072721	4.564496
27631	29226.002744	57.488918	-0.700944	0.067160	4.536652
27639	29234.356650	52.584616	0.437692	0.069144	4.727821
27641	29236.445096	51.722761	0.248865	0.070732	4.725601
27643	29238.533836	52.871946	-0.219433	0.064335	4.649885
27647	29242.710855	52.070770	0.762214	0.066749	4.580779
27649	29244.799726	51.729821	0.276109	0.073262	4.656803
27655	29251.064348	52.749534	0.274558	0.074377	4.326730
27667	29263.595970	52.733126	0.826475	0.068183	4.584690
27669	29265.684611	52.457695	0.798863	0.067896	4.595923
27671	29267.773008	52.247343	0.473049	0.068586	4.548921
27677	29274.038413	52.740727	0.429972	0.069161	4.605054
27681	29278.214908	52.123732	0.315124	0.073038	4.532923
27683	29280.304044	53.112438	0.212347	0.063334	4.574733
27693	29290.746391	52.469138	0.424646	0.070225	4.683366
27695	29292.834822	52.808721	-0.086169	0.065409	4.477496
27697	29294.923271	53.021891	0.776957	0.069687	4.503348
27699	29297.011734	52.533236	0.416771	0.070225	4.653384
27701	29299.100113	52.938709	0.353304	0.064466	4.558565
27703	29301.188817	53.229657	0.762793	0.069227	4.687678
27705	29303.277568	52.833288	0.291223	0.075116	4.524985
