num crossings	time (s)	maj axis (mm)	min axis (mm)	theta (rad )	slope (V/s)
5517	6467.879127	56.600982	1.141518	5.547959	44.012453
5519	6469.972207	56.577787	1.126503	5.547115	44.028237
5521	6472.064911	56.524766	1.143053	5.547997	42.666621
5523	6474.157706	56.511733	1.152634	5.547654	43.404170
5525	6476.250998	56.451459	1.147910	5.547530	43.802409
5527	6478.343658	56.448572	1.161123	5.547172	43.985296
5529	6480.437469	55.068614	0.878702	5.550301	42.658929
5531	6482.530063	57.528915	1.175631	5.539531	42.814855
5533	6484.622704	54.780602	1.006025	5.561301	43.311264
5535	6486.715940	56.367037	1.169077	5.547073	43.635905
5537	6488.809142	56.325831	1.164988	5.547035	41.917257
5541	6492.995050	56.179132	1.271123	5.545563	42.596547
5543	6495.088396	55.128449	0.881964	5.550107	41.771589
5545	6497.181304	56.233425	1.186410	5.546249	43.629892
5547	6499.274015	57.372893	1.193531	5.538183	43.029772
5551	6503.460124	56.219175	1.257771	5.545037	42.728790
5555	6507.645908	54.587134	1.016698	5.558936	44.163205
5557	6509.739157	54.428988	0.958614	5.549295	41.242999
5561	6513.925233	56.086218	1.281252	5.544228	42.449062
5563	6516.018511	56.089016	1.189264	5.544541	42.509294
5565	6518.110672	56.139579	1.204292	5.544890	42.609592
5567	6520.204244	56.071043	1.231611	5.545410	42.125971
5569	6522.297157	54.925156	0.932190	5.548893	42.422512
5571	6524.391048	56.047078	1.223236	5.544222	42.752639
5573	6526.483376	56.062825	1.212992	5.544034	42.544387
5575	6528.576971	57.365374	1.223651	5.535510	42.001138
5577	6530.669412	56.024867	1.278038	5.543828	43.826748
5581	6534.855111	54.376716	1.056046	5.557711	42.918820
5583	6536.948154	54.804821	0.955078	5.547385	42.969609
5585	6539.041205	56.037064	1.258847	5.544129	40.495915
5587	6541.134742	57.239232	1.254441	5.536126	40.896903
5589	6543.226498	56.012467	1.324849	5.542012	42.710614
5591	6545.320408	54.674835	0.982857	5.550438	41.671134
5593	6547.413033	54.636947	0.962008	5.548045	41.002257
5601	6555.784296	55.857596	1.345798	5.542220	43.591281
5605	6559.970698	55.899512	1.323674	5.542476	42.810866
5607	6562.063949	54.690207	0.978688	5.546904	41.696034
5609	6564.156945	55.893782	1.273152	5.542648	40.465057
5611	6566.250016	56.658924	5.065472	5.518959	41.560804
5613	6568.342996	54.435846	1.108820	5.557423	41.425558
5615	6570.436153	55.872286	1.283250	5.542300	42.245542
5617	6572.529454	56.643668	4.787983	5.520443	42.526616
5619	6574.621607	55.830900	1.362443	5.541227	42.201402
5621	6576.714526	55.874368	1.278917	5.541796	42.355724
5623	6578.808314	55.855043	1.296057	5.541620	40.887478
5625	6580.900914	56.649661	3.967630	5.521136	42.318584
5627	6582.994101	54.393653	1.144052	5.557283	43.040745
5629	6585.086794	55.814282	1.295101	5.541497	42.391725
5631	6587.179987	55.843305	1.291503	5.541301	41.405990
5633	6589.273020	54.584016	1.002319	5.545783	42.552148
5635	6591.365383	55.863379	1.299209	5.540807	42.356470
5637	6593.458794	55.845012	1.299057	5.540906	41.373241
5639	6595.551859	55.811400	1.300644	5.540785	40.197847
5641	6597.644431	55.838783	1.312892	5.540640	42.812788
5643	6599.738048	55.835958	1.309938	5.540607	43.173590
5645	6601.830439	55.845582	1.319449	5.540474	41.746766
5647	6603.924004	56.675711	4.888280	5.518331	41.792180
5649	6606.016738	55.749584	1.359152	5.540335	42.321333
5651	6608.109732	55.772211	1.304134	5.540130	43.165117
5653	6610.203621	55.802242	1.314070	5.539714	40.953559
5655	6612.296095	55.826399	1.322344	5.539779	40.412037
5659	6616.481829	55.707522	1.378469	5.538842	41.890643
5661	6618.575062	55.807993	1.318415	5.539421	42.289769
5665	6622.760630	55.753745	1.382425	5.538627	41.271709
5667	6624.854022	54.363435	1.036185	5.543958	40.626925
5669	6626.946665	56.601745	5.160542	5.518551	41.143406
5673	6631.132863	55.727917	1.408415	5.537988	41.273293
5677	6635.319041	55.666738	1.389191	5.537943	41.528812
5679	6637.412186	56.680045	5.355827	5.514556	41.948326
5683	6641.598352	55.701944	1.412163	5.536978	42.200641
5689	6647.877143	55.738028	1.385846	5.537430	41.142974
5691	6649.969589	55.738886	1.327183	5.537774	41.546078
5693	6652.063098	54.449647	1.021167	5.541825	43.065845
5695	6654.155972	54.589223	1.022875	5.541264	42.881780
5697	6656.248686	55.749162	1.340726	5.537234	43.587066
5699	6658.341289	55.771596	1.329765	5.537195	39.772908
5701	6660.434595	54.461034	1.045467	5.540584	41.781768
5703	6662.527864	55.776094	1.339907	5.537013	43.557596
5707	6666.713694	55.706610	1.401014	5.536044	42.350457
5709	6668.807154	55.714967	1.334151	5.536750	42.058010
5711	6670.899789	56.903458	1.348999	5.528132	41.874879
5713	6672.992643	54.386928	1.162632	5.551505	43.590647
5715	6675.085433	54.489281	1.033197	5.539984	41.612600
5717	6677.178806	55.750678	1.329142	5.536091	42.555788
5719	6679.271453	54.604140	1.027876	5.539435	42.120706
5721	6681.364605	54.470584	1.106249	5.541009	40.959102
5723	6683.458411	56.322554	4.910987	5.513601	41.390710
5725	6685.550840	55.735764	1.381246	5.535003	42.342272
5727	6687.643557	54.544464	1.041682	5.539730	42.084392
5729	6689.736681	56.596247	4.762099	5.514772	41.913386
5735	6696.015390	53.944527	1.139271	5.548419	41.788370
5739	6700.201954	54.523743	1.183193	5.551832	41.045969
5741	6702.294792	57.081670	1.353476	5.526350	41.133855
5743	6704.387578	54.310378	1.169675	5.550790	42.182806
5745	6706.480639	55.793471	1.340698	5.534503	41.453815
5747	6708.573742	55.736014	1.351092	5.535190	42.368710
5749	6710.666753	55.718431	1.357447	5.534694	40.246210
5751	6712.759457	55.755026	1.345447	5.534690	40.738436
5755	6716.945028	55.654490	1.452851	5.532997	42.759999
5759	6721.131338	55.656174	1.432153	5.532939	41.216895
5761	6723.223908	55.750939	1.351260	5.533895	42.090019
5763	6725.317400	55.751747	1.353000	5.533786	42.651476
5765	6727.410586	55.737465	1.354766	5.533648	41.433939
5767	6729.503002	55.750732	1.375970	5.533106	41.713948
5769	6731.595839	54.551508	1.068428	5.537334	40.329590
5771	6733.689210	55.727970	1.363715	5.533046	42.210636
5773	6735.782749	55.723132	1.345112	5.532295	42.145109
5775	6737.875599	55.697164	1.349488	5.533189	41.526550
5777	6739.968476	54.134022	1.042987	5.535325	42.809458
5779	6742.061228	55.747517	1.341577	5.532857	42.123596
5781	6744.153945	55.727296	1.351341	5.532477	41.346519
5783	6746.247472	55.727185	1.369831	5.532426	42.487287
5785	6748.340304	55.716969	1.358144	5.532292	42.526825
5787	6750.433376	54.478646	1.051461	5.535273	42.261865
5789	6752.525986	55.731710	1.354687	5.532050	41.711298
5791	6754.619253	55.719303	1.356254	5.531864	42.210780
5793	6756.712296	55.719713	1.354151	5.531852	42.380534
5797	6760.898503	55.608741	1.438282	5.530767	41.758313
5799	6762.991290	54.364941	1.049483	5.535043	39.957118
5801	6765.083927	55.731756	1.355684	5.531480	43.201121
5803	6767.177517	54.508116	1.072614	5.534986	41.462631
5805	6769.270496	55.742607	1.347675	5.531089	40.542805
5807	6771.363545	55.745420	1.358447	5.530967	42.202917
5809	6773.456562	56.656518	5.973645	5.506522	42.285865
5811	6775.550292	55.647041	1.390558	5.528846	42.008884
5813	6777.646020	55.980943	1.378712	5.530673	40.434040
5815	6779.735450	55.719745	1.359228	5.530506	41.468755
5823	6788.106881	55.712682	1.405356	5.529680	40.383791
5825	6790.200378	55.672001	1.357653	5.530054	40.326903
5827	6792.292901	54.598939	1.050168	5.533982	42.786598
5829	6794.385553	55.714663	1.341319	5.529596	41.271107
5831	6796.478691	55.739694	1.336802	5.529355	40.972495
5833	6798.572477	54.331551	1.021937	5.532674	42.125851
5835	6800.665527	56.783821	6.217509	5.503280	42.924506
5839	6804.850899	54.202299	1.168221	5.543643	40.233570
5843	6809.037260	55.710150	1.416812	5.528533	41.403266
5845	6811.128862	55.790436	1.332671	5.528956	41.242450
5847	6813.222668	54.183775	1.048377	5.532512	41.259499
5849	6815.315048	55.786304	1.336202	5.528619	40.974494
5851	6817.407926	54.428964	1.046467	5.532704	42.566849
5853	6819.501883	55.704073	1.358457	5.528661	41.634597
5857	6823.687359	55.673198	1.417910	5.527186	42.523433
5861	6827.873399	55.690911	1.412341	5.526993	41.440060
5863	6829.966488	55.703601	1.340381	5.527613	41.800425
5865	6832.059461	55.739846	1.337892	5.527389	41.431036
5867	6834.152408	54.656711	1.042031	5.531514	41.006469
5869	6836.245549	56.545220	5.145201	5.504102	41.066421
5871	6838.338411	55.678903	1.430725	5.526214	42.422312
5873	6840.431314	55.756168	1.334956	5.527201	42.142950
5875	6842.524086	55.755008	1.332952	5.526893	41.492539
5877	6844.617283	55.737798	1.344031	5.526731	40.881052
5879	6846.710114	55.757775	1.333337	5.526810	42.615782
5881	6848.802838	54.131691	1.043970	5.530631	41.172045
5883	6850.896270	56.823145	1.341228	5.519060	41.738445
5885	6852.989459	55.697571	1.398767	5.525647	42.875122
5887	6855.081877	55.745411	1.336354	5.526235	41.213279
5891	6859.267996	55.699843	1.404626	5.525203	41.779302
5893	6861.360700	54.539066	1.020667	5.529328	42.528155
5895	6863.454107	54.538302	1.022316	5.528896	41.277255
5897	6865.546919	55.737444	1.327480	5.525438	41.916403
5899	6867.640006	54.576572	1.021975	5.528718	41.386992
5901	6869.733263	54.352887	1.034343	5.529202	39.812023
5903	6871.826021	55.731940	1.322930	5.525414	42.828435
5905	6873.919136	54.431243	1.043162	5.530416	41.420968
5913	6882.290854	54.194591	1.153195	5.539138	41.519679
5915	6884.384118	55.769162	1.311012	5.524296	40.732408
5917	6886.477591	55.744160	1.319860	5.524183	41.186785
5919	6888.570236	54.511102	1.034418	5.528172	41.321058
5925	6894.849612	55.654785	1.387639	5.522706	40.376394
5927	6896.942510	55.735539	1.329062	5.523504	41.864128
5931	6901.128141	55.694362	1.390365	5.522542	42.580484
5933	6903.221620	56.491027	4.229004	5.504023	42.704365
5935	6905.314246	55.665324	1.366233	5.521945	43.589748
5937	6907.407045	55.750793	1.327389	5.523122	40.637944
5939	6909.499740	55.767339	3.177354	5.508248	41.328904
5941	6911.592156	55.541850	1.392406	5.521847	42.029794
5943	6913.685223	55.765200	1.314324	5.522594	41.699301
5949	6919.963932	55.706139	1.389279	5.521539	42.221120
5951	6922.057514	56.558387	5.505679	5.500515	40.281239
5953	6924.150530	55.741549	1.364761	5.521552	42.298667
5957	6928.336397	55.652629	1.394881	5.520909	40.124767
5959	6930.429443	54.581178	1.020640	5.525796	42.093353
5963	6934.615409	54.171988	1.117279	5.536149	41.387671
5965	6936.707705	54.226139	1.008262	5.525948	43.551985
5967	6938.801069	55.759071	1.316838	5.521231	41.278718
5969	6940.894506	54.544175	0.996125	5.524892	42.198250
5971	6942.987007	55.769604	1.298941	5.520939	44.362748
5977	6949.266087	55.734265	1.371040	5.519860	43.064063
5979	6951.359315	55.785707	1.316282	5.520309	41.343237
5981	6953.452113	55.780808	1.292238	5.520463	41.126066
5983	6955.545163	54.526107	1.020857	5.524301	41.745700
5985	6957.637876	54.200159	0.998939	5.522870	42.461337
5987	6959.731779	55.751919	1.292290	5.520278	41.195978
5989	6961.824480	56.668846	1.312628	5.513062	42.620123
5993	6966.010735	55.713537	1.350839	5.518829	42.119523
5995	6968.103822	57.707468	3.229662	5.502024	41.683266
5997	6970.196623	55.695624	1.368736	5.518402	41.689746
5999	6972.288937	54.679793	0.983271	5.522860	41.566634
6003	6976.475364	55.729597	1.334585	5.518209	42.284995
6005	6978.567401	55.798971	1.291109	5.518661	42.602267
6007	6980.661097	55.768991	1.284657	5.518827	42.031560
6009	6982.754351	57.520051	-0.629278	5.508255	42.757971
6013	6986.939112	54.485549	1.155706	5.534268	43.354195
6015	6989.032986	54.475758	0.965448	5.522247	42.045660
6019	6993.219452	54.189973	1.105344	5.532505	42.734568
6021	6995.312194	55.799694	1.281991	5.517669	44.032496
6023	6997.405363	55.765851	1.276597	5.517569	42.263396
6025	6999.498388	54.457057	0.995253	5.521705	40.878732
6027	7001.591164	56.447513	4.501494	5.498246	41.516758
6031	7005.776922	55.709284	1.348914	5.516391	40.468702
6033	7007.870387	54.624437	0.974680	5.520880	41.278031
6035	7009.963190	55.746419	1.295374	5.516715	42.650739
6037	7012.055837	54.480923	0.981063	5.520421	41.948159
6041	7016.241888	55.705861	1.376919	5.515766	40.447943
6043	7018.334845	54.403375	0.986223	5.520295	41.192948
6045	7020.428340	55.773616	1.280154	5.516515	40.868827
6047	7022.520713	55.810152	1.266227	5.516133	41.718613
6049	7024.613296	55.746272	1.267416	5.516563	42.357801
6051	7026.706301	55.794031	1.278505	5.515900	41.971331
6053	7028.799389	54.582406	0.996029	5.520014	42.509387
6055	7030.892757	56.884670	1.283581	5.508175	41.736870
6057	7032.985789	54.242009	1.101993	5.529793	41.379793
6059	7035.078496	55.806161	1.271232	5.515123	41.199897
6061	7037.171195	55.793009	1.270852	5.515287	42.088221
6063	7039.263700	56.786788	1.274558	5.508094	41.900158
6065	7041.357545	55.737070	1.353600	5.514399	42.207502
6067	7043.450461	54.466533	0.994994	5.519131	42.852544
6069	7045.543365	55.787492	1.276810	5.514701	43.314489
6071	7047.636419	55.785494	1.291819	5.514510	42.845190
6073	7049.730166	55.789192	1.284876	5.514422	39.698989
6075	7051.822656	54.572627	0.997407	5.519438	41.777433
6077	7053.915281	55.804804	1.275914	5.514288	42.521087
6079	7056.008002	56.646931	5.609751	5.492100	40.922414
6081	7058.101560	55.719955	1.366137	5.512645	42.185928
6083	7060.194727	55.732869	1.296067	5.513644	41.002915
6085	7062.287427	55.814730	1.274689	5.513743	41.747221
6087	7064.380977	55.810302	1.267108	5.513697	40.514163
6089	7066.473761	54.542626	0.965581	5.517653	41.334122
6091	7068.566066	56.598649	5.366957	5.492121	42.245259
6095	7072.752523	55.755628	1.345715	5.512475	40.735471
6097	7074.845450	54.308884	0.915612	5.514683	41.915226
6099	7076.937396	55.794506	1.291330	5.512853	41.514661
6101	7079.031429	54.317463	1.012931	5.518488	41.622412
6103	7081.124325	55.804209	1.267673	5.512626	41.250176
6105	7083.217793	55.758185	1.280825	5.512376	42.756819
6107	7085.310369	55.759790	1.269410	5.512384	41.715259
6109	7087.403185	55.781121	1.279326	5.512054	42.740804
6111	7089.496188	55.805544	1.279445	5.511969	42.177510
6113	7091.589331	54.389985	0.951337	5.514447	41.014264
6115	7093.682200	55.776471	1.266391	5.511720	41.378820
6117	7095.775219	55.783201	1.266361	5.511639	40.962301
6123	7102.054162	54.149321	1.074636	5.524406	40.954124
6125	7104.147608	55.741311	1.280537	5.511018	41.926918
6127	7106.240227	56.501882	5.377504	5.489378	42.621300
6133	7112.518761	55.706841	1.351433	5.510239	43.367921
6135	7114.611742	55.833352	1.258908	5.510977	42.556569
6137	7116.705470	56.815861	6.066333	5.485626	40.194124
6141	7120.890613	55.759087	1.350109	5.509564	42.480683
6143	7122.983834	55.803922	1.277974	5.510181	42.235531
6145	7125.076733	56.884440	1.283458	5.502689	41.898554
6147	7127.170030	55.738393	1.336635	5.509172	42.149652
6149	7129.262332	55.831247	1.267947	5.509853	41.955635
6151	7131.355631	54.475178	0.974906	5.513853	40.581415
6153	7133.448727	54.520912	0.978567	5.514559	41.895953
6155	7135.541570	55.748852	1.290463	5.509501	43.235042
6159	7139.727912	54.202450	1.103000	5.523785	39.232926
6161	7141.820577	54.749786	0.982677	5.513544	41.465140
6163	7143.913639	55.799568	1.265156	5.509096	42.664403
6165	7146.006592	55.799284	1.263316	5.508809	40.736712
6167	7148.099459	55.808800	1.279924	5.508572	43.309436
6169	7150.192586	56.487292	5.128147	5.488313	41.583463
6173	7154.378651	55.713404	1.342695	5.507728	42.665240
6175	7156.471552	55.805174	1.264985	5.508285	43.363476
6179	7160.657625	54.257973	1.096193	5.523363	41.833630
6181	7162.750475	55.805101	1.265388	5.507726	42.895254
6183	7164.843748	55.806797	1.279334	5.507587	42.617725
6185	7166.936583	56.161427	3.536927	5.491222	42.112687
6187	7169.029370	54.448579	1.093830	5.523788	41.422884
6189	7171.122924	56.874459	1.280251	5.499513	41.370357
6191	7173.215328	55.765869	1.329482	5.506401	41.935225
6193	7175.308349	55.800937	1.258403	5.507087	42.228586
6195	7177.401736	55.755021	1.272704	5.506659	41.522064
6197	7179.494355	55.814974	1.277109	5.506780	40.700427
6199	7181.587349	55.796027	1.266030	5.506628	41.350683
6201	7183.680488	55.824234	1.264813	5.506623	42.452502
6205	7187.866219	54.104914	1.094592	5.520424	40.979428
6207	7189.959521	55.793835	1.257089	5.506701	43.680399
6209	7192.051975	54.683112	0.983999	5.510587	40.846646
6215	7198.331190	55.729584	1.339774	5.505262	41.655963
6217	7200.424394	55.792737	1.267353	5.505885	42.337349
6219	7202.517226	55.798353	1.272024	5.505798	42.586726
6221	7204.610340	56.815695	1.272894	5.498746	42.122555
6223	7206.702929	55.725993	1.351250	5.504599	43.444438
6225	7208.796375	56.748730	1.278556	5.498206	42.479993
6227	7210.889713	55.703279	1.337151	5.504540	41.571156
6229	7212.982538	56.817977	1.275105	5.498107	42.231043
6233	7217.168252	55.739159	1.333224	5.504136	42.180493
6235	7219.261444	56.693374	1.268499	5.497774	42.330959
6237	7221.354103	54.126390	1.069797	5.517789	42.725604
6239	7223.447387	55.780625	1.260034	5.504402	41.620047
6241	7225.540644	56.811186	1.274170	5.497077	42.068035
6245	7229.726021	55.729878	1.338285	5.503291	41.298047
6247	7231.819473	54.543846	0.966246	5.508473	41.718126
6249	7233.912397	56.851478	1.272888	5.496590	42.349059
6255	7240.191106	55.733930	1.338944	5.502945	43.553553
6257	7242.284428	57.055190	1.275199	5.495719	42.922192
6259	7244.378155	56.054503	1.398928	5.497242	42.233275
6263	7248.563478	54.110777	1.058729	5.516389	41.771233
6265	7250.656543	55.792103	1.250639	5.502921	42.041964
6269	7254.841729	55.707883	1.341534	5.501715	41.944683
6275	7261.121256	55.726646	1.312812	5.501929	41.224712
6277	7263.214319	56.916518	1.274299	5.495126	40.789886
6279	7265.307089	54.716069	1.110409	5.519417	42.899072
6281	7267.399993	56.544353	4.522591	5.483162	41.428400
6285	7271.586708	54.302920	1.090909	5.517600	40.694261
6287	7273.680090	54.582812	0.956218	5.506125	42.464021
6289	7275.772827	55.782053	1.265808	5.501187	42.431543
6295	7282.050741	55.755762	1.311421	5.500961	41.804536
6297	7284.144655	55.683291	1.288528	5.501085	41.023888
6299	7286.236493	56.847441	1.271350	5.493588	42.687831
6301	7288.330113	54.343221	1.082139	5.516981	42.049893
6303	7290.422225	54.492240	0.970497	5.505581	42.915750
6305	7292.515882	55.782753	1.260823	5.500801	41.169170
6307	7294.608973	55.793432	1.261297	5.500565	41.917967
6309	7296.702168	56.838719	1.272451	5.492793	42.139424
6311	7298.794795	55.714955	1.341251	5.499348	42.387294
6313	7300.887315	56.568053	5.458460	5.478376	41.947487
6315	7302.980321	55.726652	1.333040	5.499003	40.107463
6317	7305.073440	54.740708	0.984148	5.504743	42.674639
6319	7307.166504	57.005162	1.279674	5.492651	42.939579
6321	7309.259494	54.262103	1.081241	5.514448	42.218740
6323	7311.352624	54.649722	0.953206	5.503354	42.324687
6325	7313.445184	55.794647	1.283523	5.499659	41.285432
6327	7315.538589	56.803403	1.249080	5.492110	42.089235
6329	7317.631618	55.722907	1.319218	5.498317	40.465156
6331	7319.725019	56.792156	1.253739	5.492004	42.400657
6333	7321.817407	55.719127	1.319211	5.498334	42.602680
6335	7323.910216	55.810141	1.265893	5.498711	43.036064
6337	7326.003804	54.580130	0.948121	5.503106	42.780218
6339	7328.096360	55.768115	1.245069	5.498954	41.670983
6341	7330.189208	54.571646	0.959707	5.502501	40.917402
6343	7332.282510	55.778311	1.248673	5.498347	41.380066
6345	7334.375497	54.497677	0.959815	5.502702	42.928896
6347	7336.468262	55.841029	1.255836	5.497876	42.517517
6349	7338.561053	56.871377	1.256297	5.490132	42.902196
6351	7340.654461	54.087581	1.058435	5.511777	42.578190
6353	7342.747788	59.612031	5.739158	5.476090	41.364150
6355	7344.840161	54.363222	1.075742	5.512545	40.955255
6357	7346.934419	56.795007	5.640541	5.474934	42.288352
6361	7351.119062	55.740159	1.307354	5.497029	40.973605
6363	7353.212247	56.886503	1.251638	5.489802	41.994530
6365	7355.305509	54.337817	1.070977	5.512163	41.617794
6373	7363.677170	54.077230	1.067274	5.510379	41.767600
6375	7365.770125	55.722568	1.238914	5.496538	42.239793
6377	7367.863407	56.687334	5.940746	5.473141	42.623689
6379	7369.956613	55.739016	1.285329	5.495855	40.438622
6381	7372.049068	55.800474	1.245123	5.496130	41.142691
6383	7374.142708	54.558646	0.916553	5.500155	40.327523
6385	7376.235154	55.769434	1.239161	5.495703	41.242176
6387	7378.327930	55.788248	1.206216	5.495157	42.459188
6389	7380.420238	57.039026	1.244339	5.489152	39.927510
6391	7382.512872	54.106735	1.057305	5.509122	43.148706
6393	7384.606662	55.771437	1.235757	5.495209	42.232913
6395	7386.698972	55.852364	1.209483	5.494948	41.399860
6397	7388.793383	55.818705	1.213057	5.495630	42.169429
6399	7390.885764	56.754095	1.226425	5.487938	42.371332
6401	7392.979781	55.774447	1.281466	5.494097	42.496654
6403	7395.072014	56.835899	1.221465	5.487155	41.975912
6405	7397.165124	55.694280	1.284529	5.493651	42.447483
6407	7399.257994	54.655022	0.899549	5.498919	41.522409
6409	7401.351240	54.317302	0.894955	5.498309	41.346588
6411	7403.444021	56.799938	1.215298	5.486813	42.991966
6413	7405.537104	54.378944	1.050572	5.509395	42.650836
6415	7407.629487	55.779491	1.205230	5.493801	42.470526
6417	7409.722806	54.553383	0.909555	5.498877	40.865038
6419	7411.815831	55.798562	1.211873	5.493328	41.190342
6421	7413.908921	56.622506	4.410280	5.475862	42.289330
6425	7418.094848	55.698904	1.291866	5.492470	41.909461
6427	7420.187762	55.791168	1.209727	5.493099	41.897317
6429	7422.280972	54.560576	0.897324	5.497062	42.168426
6431	7424.373746	50.515472	2.336037	5.467122	40.720117
6433	7426.467192	55.729416	1.278692	5.492021	42.148626
6435	7428.559926	55.695214	1.203699	5.492404	41.812748
6437	7430.652839	56.819550	1.219098	5.484697	41.799255
6439	7432.746443	55.700268	1.307542	5.491676	42.019307
6441	7434.839203	56.784627	1.213626	5.484571	41.570067
6443	7436.932386	55.706595	1.283224	5.491354	41.476295
6445	7439.025873	56.745239	1.219212	5.484770	41.299217
6447	7441.117741	55.734589	1.276771	5.491191	42.443427
6449	7443.211029	54.407923	0.898721	5.495397	40.213278
6451	7445.304452	55.771979	1.203948	5.491170	41.239098
6453	7447.396778	54.476001	0.901226	5.496413	41.900208
6455	7449.489535	55.764613	1.198489	5.491457	41.836889
6457	7451.583162	54.719774	0.896652	5.495915	42.496941
6459	7453.676016	55.795327	1.199081	5.491001	41.666738
6461	7455.768509	56.845695	1.203120	5.482771	40.972355
6463	7457.861833	56.270434	1.393416	5.486171	42.608679
6465	7459.954987	55.724294	1.266424	5.489701	40.263098
6467	7462.047911	56.685604	1.201551	5.483475	41.844732
6469	7464.141390	54.478543	0.996684	5.504631	41.228752
6471	7466.234537	56.644037	4.792454	5.469866	40.020962
6473	7468.328703	55.870276	1.282589	5.489818	40.542070
6475	7470.422104	55.700919	1.203796	5.490070	42.119288
6477	7472.512088	55.765805	1.197976	5.490029	40.712035
6479	7474.604910	54.650618	0.914918	5.494712	41.209302
6481	7476.698188	54.405762	0.898197	5.494398	40.802038
6483	7478.790888	56.988509	1.177494	5.482150	42.353342
6485	7480.884472	54.249906	1.024506	5.504079	40.596086
6487	7482.977227	56.858584	5.418594	5.466580	41.004470
6491	7487.165652	54.282233	1.022157	5.503708	43.026291
6493	7489.258502	55.758610	1.185375	5.488986	41.735348
6495	7491.351001	55.772704	1.207977	5.488863	41.073855
6497	7493.444008	55.792876	1.206138	5.488656	41.861829
6499	7495.536531	54.546133	0.930162	5.494516	41.682156
6501	7497.628018	57.016408	1.212362	5.481592	41.854520
6503	7499.721650	54.098511	1.018127	5.502223	40.517961
6505	7501.814635	55.760116	1.193911	5.488385	41.078769
6507	7503.907286	55.784011	1.191960	5.488289	42.771467
6509	7505.999667	55.897465	1.194544	5.488497	41.073548
6511	7508.092887	55.735125	1.191990	5.487794	41.303408
6513	7510.186590	56.745739	5.508890	5.466199	40.829950
6517	7514.372130	55.774036	1.258821	5.486986	41.306792
6519	7516.465378	54.440374	0.901759	5.491658	42.876380
6521	7518.559967	55.735160	1.197337	5.487233	41.579279
6523	7520.652926	55.836100	1.219176	5.487290	41.620113
6525	7522.744126	55.860222	1.202633	5.487223	41.170315
6527	7524.837983	55.761593	1.223151	5.486638	42.827151
6529	7526.929940	55.865538	1.206875	5.487060	42.159960
6531	7529.023010	55.746498	1.184093	5.486808	42.158103
6533	7531.116537	55.768474	1.186824	5.486805	42.173684
6535	7533.208877	55.769021	1.210262	5.486408	41.823144
6537	7535.302315	55.714733	1.187652	5.486187	41.927462
6539	7537.395948	55.770226	1.184741	5.486265	40.276398
6541	7539.488992	55.725436	1.205102	5.486464	41.221621
6543	7541.581941	55.781420	1.184344	5.486317	41.864103
6547	7545.767583	55.729389	1.263365	5.485182	41.199405
6549	7547.860107	55.715624	1.190138	5.485763	41.500414
6551	7549.953670	54.648189	0.887497	5.490552	42.210607
6553	7552.046614	54.527017	0.918105	5.491271	41.994449
6555	7554.139258	54.560451	0.879308	5.490142	42.494273
6557	7556.232644	55.768183	1.186896	5.485204	42.119353
6559	7558.325355	55.720936	1.177346	5.484896	40.354298
6561	7560.418233	55.788261	1.193201	5.484966	41.615135
6563	7562.511535	55.753540	1.200552	5.484760	42.036891
6565	7564.604797	55.758534	1.188609	5.484734	41.206162
6567	7566.698115	55.764128	1.190044	5.484450	40.515978
6569	7568.791003	55.742491	1.182994	5.484357	41.018032
6571	7570.884117	55.759429	1.182419	5.484245	41.580454
6573	7572.976830	56.781916	1.192530	5.476377	42.346778
6575	7575.069635	53.991200	0.980833	5.496351	40.471012
6577	7577.162758	55.775906	1.179057	5.484097	42.890613
6579	7579.254953	54.439219	0.921542	5.489559	42.064067
6581	7581.347898	55.717975	1.188753	5.483657	42.859684
6583	7583.440662	55.756796	1.174224	5.483527	41.763835
6585	7585.533968	56.809555	1.178956	5.475789	41.807562
6587	7587.626755	54.121092	0.989591	5.496821	41.950858
6589	7589.719459	56.632453	1.180539	5.475200	41.588918
6591	7591.814939	54.322922	0.982264	5.497551	43.958611
6593	7593.906742	55.833085	1.186855	5.483330	42.023825
6595	7595.998227	55.759841	1.170337	5.482411	41.186781
6597	7598.091702	56.418124	3.626501	5.465877	41.668989
6599	7600.184346	55.699979	1.227707	5.481804	43.273975
6601	7602.277534	54.357060	0.844196	5.485864	42.341548
6603	7604.370368	55.794513	1.152851	5.482080	40.277141
6605	7606.463601	56.636301	5.078368	5.461537	42.099260
6607	7608.556156	55.712877	1.204694	5.481208	40.914815
6609	7610.649501	55.720565	1.157085	5.481611	42.847175
6611	7612.742361	55.733330	1.172244	5.481307	41.673394
6613	7614.834925	55.796475	1.170281	5.481435	41.412077
6615	7616.928094	55.761647	1.148508	5.481371	42.313316
6617	7619.021005	55.776803	1.155248	5.481243	41.561582
6619	7621.114214	55.804539	1.144649	5.481070	42.166564
6621	7623.207731	56.771900	1.155889	5.474228	43.047592
6623	7625.300470	54.463170	1.000600	5.496041	42.079869
6625	7627.392812	54.405667	0.862838	5.485507	41.939489
6627	7629.486371	56.714157	1.162286	5.473856	42.596735
6629	7631.578891	55.712253	1.215737	5.479923	42.225046
6631	7633.671827	54.509776	0.863677	5.485725	41.873635
6633	7635.765114	56.803584	1.161500	5.472678	41.792022
6635	7637.858053	55.708165	1.219543	5.479610	41.838006
6637	7639.950964	55.772047	1.163887	5.479970	42.621413
6639	7642.044185	56.598335	4.998344	5.460769	42.370498
6643	7646.230019	55.748323	1.223268	5.479266	41.630902
6649	7652.509112	55.700548	1.237794	5.478622	41.691261
6651	7654.601830	55.761818	1.159949	5.479326	41.584832
6653	7656.694878	55.799372	1.171210	5.479048	41.650315
6655	7658.788170	55.756137	1.162008	5.479339	41.964848
6657	7660.880755	56.713422	1.167367	5.472288	40.745899
6663	7667.159680	55.725332	1.207544	5.478089	42.672534
6665	7669.254131	55.778110	1.171340	5.478561	42.792358
6667	7671.346467	54.529143	0.877885	5.483844	41.614820
6669	7673.438344	56.935781	5.166923	5.456283	41.988357
6675	7679.717058	55.735806	1.223244	5.477348	42.284660
6677	7681.810472	54.458968	0.865125	5.482801	42.080830
6679	7683.903207	55.810092	1.158411	5.477840	41.650243
6681	7685.995980	54.345410	0.752391	5.478742	41.395527
6683	7688.089192	55.721821	1.156172	5.477581	42.026683
6685	7690.182738	55.808286	1.147447	5.477648	40.901647
6687	7692.275293	56.749379	1.168025	5.470089	41.486946
6689	7694.368208	55.702275	1.221493	5.476408	41.941265
6691	7696.461597	55.783375	1.154208	5.476933	42.174054
6693	7698.554541	55.730053	1.152779	5.476901	41.508262
6695	7700.647659	56.698274	1.161695	5.468933	41.013294
6697	7702.740811	54.419685	0.971449	5.492252	42.789983
6699	7704.833090	54.488082	0.866973	5.481644	41.793162
6701	7706.926524	55.774312	1.143983	5.476258	42.290637
6703	7709.019142	55.715558	1.152332	5.476105	40.536189
6705	7711.112487	55.791550	1.146360	5.476034	41.816916
6707	7713.205756	55.735629	1.161658	5.475690	41.206799
6709	7715.298523	56.851952	1.167768	5.468196	42.861270
6711	7717.391693	55.692129	1.214695	5.474690	43.377229
6713	7719.484413	56.650918	1.160421	5.468033	41.543191
6715	7721.577406	56.221865	1.274727	5.470467	41.430109
6717	7723.670457	54.161770	0.971048	5.489556	41.520380
6719	7725.763028	55.782761	1.142191	5.475155	41.060249
6721	7727.856075	55.798028	1.152297	5.475144	42.221809
6723	7729.949249	56.739619	1.162936	5.468128	41.710469
6725	7732.042246	55.638576	1.227297	5.473900	41.426045
6727	7734.135188	56.472680	3.621360	5.459201	41.620769
6729	7736.228103	55.721030	1.221839	5.474019	40.579995
6731	7738.320944	54.170116	0.837592	5.479022	42.888333
6733	7740.414349	55.803058	1.147673	5.474478	41.255713
6735	7742.506786	55.785100	1.163743	5.474250	41.057852
6737	7744.599879	56.607677	1.158308	5.467403	42.005760
6739	7746.693163	55.746426	1.190460	5.473422	41.247395
6741	7748.785483	55.772038	1.143058	5.473740	41.612536
6743	7750.879008	55.771235	1.138824	5.473739	40.516101
6745	7752.972245	55.798084	1.137754	5.473928	39.301205
6747	7755.064079	54.730851	0.864600	5.478527	39.913353
6749	7757.157311	56.800295	1.157739	5.466187	41.331967
6753	7761.343044	55.712074	1.217999	5.472414	42.248599
6755	7763.436522	55.768069	1.136618	5.473122	41.730860
6757	7765.529693	56.707398	5.647251	5.451579	42.008537
6759	7767.620663	54.077801	0.960670	5.486157	40.919025
6761	7769.715460	55.801270	1.138597	5.472850	41.820096
6763	7771.809094	56.905875	1.159666	5.465540	40.759823
6767	7775.994527	55.748024	1.205351	5.471577	42.396384
6769	7778.087568	56.781420	1.147810	5.464876	41.038851
6771	7780.180318	54.255585	0.960748	5.485066	42.002843
6773	7782.273390	55.795555	1.133243	5.471865	40.859404
6775	7784.366435	54.578686	0.817967	5.475988	42.786943
6777	7786.459778	55.822820	1.128985	5.471570	43.834932
6779	7788.552405	54.465783	0.823648	5.476396	42.518053
6781	7790.645134	54.504132	0.826009	5.475623	41.870406
6783	7792.738613	56.772659	1.144578	5.463848	39.733969
6785	7794.831157	56.247124	1.258339	5.465581	42.280716
6787	7796.923084	55.739422	1.202126	5.470884	40.546974
6789	7799.015958	56.890668	1.154622	5.464731	41.605749
6791	7801.108455	55.718469	1.212810	5.470409	41.601052
6795	7805.294506	55.692643	1.200633	5.470035	41.904307
6797	7807.387866	55.836817	1.148088	5.470797	41.894496
6799	7809.481167	55.881727	1.115342	5.470540	42.071845
6801	7811.573907	56.836208	1.133277	5.462890	40.411499
6803	7813.667365	55.748213	1.197915	5.469723	41.269978
6805	7815.760202	56.844294	1.134173	5.462355	41.688786
6807	7817.852970	54.117780	0.916605	5.483203	41.860514
6809	7819.945506	55.808981	1.139191	5.469663	42.963902
6811	7822.038978	54.293100	0.828916	5.473853	41.761295
6813	7824.131714	56.430672	4.212691	5.454790	41.845775
6817	7828.317809	56.403784	1.238579	5.463809	39.855168
6819	7830.410768	55.727709	1.202574	5.468379	41.662806
6821	7832.503957	55.830555	1.114044	5.469247	42.245720
6823	7834.596936	56.784366	1.128196	5.462357	41.271985
6825	7836.689601	54.289950	0.926503	5.483337	42.467724
6827	7838.784128	54.543024	0.802587	5.471932	42.258320
6829	7840.876317	56.856156	1.090066	5.460911	40.995769
6831	7842.969660	55.741385	1.182275	5.467681	40.745171
6833	7845.062559	55.233747	3.263451	5.453601	42.095875
6835	7847.155295	55.769629	1.170201	5.467988	42.729156
6837	7849.248521	56.534747	5.087570	5.448533	41.550702
6839	7851.341025	55.699226	1.190830	5.467362	40.979858
6841	7853.433627	56.988089	1.132953	5.460839	42.408936
6843	7855.527150	56.244631	1.235556	5.462939	41.289879
6845	7857.620140	56.165547	1.248287	5.462516	43.177559
6847	7859.713151	55.722046	1.188302	5.466765	41.909905
6849	7861.805866	55.825771	1.124360	5.467447	41.518608
6851	7863.899886	55.830784	1.116068	5.467665	42.290122
6853	7865.992816	56.493194	4.677683	5.448970	42.101053
6857	7870.178162	55.740252	1.153214	5.466553	42.108298
6859	7872.270892	56.773561	1.110001	5.460108	40.206013
6861	7874.363557	55.781897	1.160466	5.466576	42.761506
6863	7876.456624	55.789051	1.100249	5.467072	41.057143
6865	7878.549134	55.817423	1.107307	5.466617	42.511914
6867	7880.642436	55.812272	1.114269	5.466351	41.304737
6869	7882.735338	54.724098	0.808535	5.470558	42.472497
6871	7884.828248	56.725254	4.722927	5.449505	41.732574
6873	7886.921038	55.763574	1.147811	5.465622	42.640283
6875	7889.014432	54.623267	0.811866	5.470295	42.298007
6877	7891.107299	54.574505	0.826915	5.470692	41.827104
6879	7893.200201	55.806424	1.095787	5.465705	41.446553
6881	7895.293316	56.785387	1.104700	5.459208	41.505298
6883	7897.386203	55.733381	1.154896	5.465000	41.821960
6885	7899.479202	55.748121	1.095731	5.465319	40.227502
6887	7901.572307	54.621798	0.807060	5.469762	42.762569
6889	7903.664983	55.806393	1.080535	5.465127	43.053410
6891	7905.758895	54.583249	0.789960	5.469120	41.033693
6893	7907.851889	55.818258	1.099156	5.464398	42.258920
6897	7912.037270	54.454691	0.930660	5.479528	42.051202
6899	7914.130665	54.422327	0.773207	5.467812	42.398223
6901	7916.223942	56.756310	1.081393	5.457140	41.806919
6905	7920.409450	54.355297	0.910848	5.477920	41.801773
6907	7922.502371	54.496950	0.802200	5.468492	42.014164
6909	7924.595101	55.830008	1.070766	5.463294	42.357162
6911	7926.688348	55.806339	1.076043	5.463067	41.395227
6913	7928.780845	56.593038	5.028845	5.443741	41.811814
6915	7930.874019	55.743671	1.128331	5.462257	41.219694
6917	7932.967141	55.852051	1.074162	5.462907	41.711846
6919	7935.060290	55.840237	1.066943	5.462807	42.715123
6921	7937.152881	55.823558	1.078997	5.462416	41.475935
6923	7939.246140	56.767966	1.080722	5.455510	40.388022
6925	7941.338931	55.739008	1.126204	5.461949	41.379959
6927	7943.431904	55.814515	1.072357	5.462044	42.204140
6929	7945.524849	55.828809	1.063487	5.462247	40.610746
6931	7947.617445	55.837588	1.062754	5.462185	40.614887
6933	7949.710501	56.805066	1.073195	5.455203	42.261686
6935	7951.803303	54.459601	0.919896	5.477309	41.657513
6937	7953.896735	55.854730	1.057186	5.461740	42.830578
6939	7955.989110	54.739609	0.752024	5.465948	39.628237
6941	7958.082077	55.840523	1.053478	5.461277	42.502090
6943	7960.175528	55.867365	1.053051	5.461601	42.559334
6945	7962.267919	55.811310	1.039272	5.461089	41.278195
6947	7964.360897	55.842300	1.051730	5.461136	41.550891
6949	7966.454439	55.824338	1.060480	5.461079	41.313321
6951	7968.547343	54.690791	0.781818	5.466184	42.024372
6953	7970.639966	55.821527	1.046960	5.460814	41.814730
6955	7972.733236	54.649480	0.767444	5.465713	40.946945
6957	7974.826387	54.695921	0.767831	5.465115	41.384755
6959	7976.919797	55.775461	1.077704	5.459921	40.720469
6961	7979.013942	55.817030	1.076871	5.459500	41.635645
6963	7981.106008	54.683125	0.760641	5.464152	42.192004
6965	7983.199134	54.690152	0.749143	5.463670	41.476306
6967	7985.292058	56.766104	1.051804	5.452439	41.958403
6969	7987.386576	55.671544	1.105625	5.458070	42.530355
6971	7989.480330	55.814784	1.059420	5.458705	41.259792
6973	7991.572926	56.750427	1.061852	5.451921	42.152110
6975	7993.666198	55.742704	1.102124	5.458188	42.115706
6977	7995.758989	55.816946	1.069621	5.458581	41.342426
6979	7997.852111	54.611474	0.777523	5.463810	40.092335
6981	7999.945221	55.822158	1.072936	5.458297	41.465127
6983	8002.037888	55.820131	1.064355	5.458175	40.960142
6985	8004.131216	55.815724	1.043880	5.458109	41.380911
6987	8006.223702	55.816536	1.057994	5.457890	41.028986
6989	8008.316788	56.754818	5.113899	5.438657	42.086951
6991	8010.409115	55.815123	1.175693	5.458287	42.930040
6993	8012.500484	56.381305	3.918432	5.441142	40.783602
6995	8014.593685	56.392910	1.178043	5.453336	41.933905
6997	8016.686005	55.750162	1.124553	5.457449	42.897189
6999	8018.778976	55.833408	1.056065	5.457910	42.585706
7001	8020.871823	55.813322	1.059812	5.457693	42.670089
7003	8022.965195	55.842573	1.054098	5.457762	41.981555
7005	8025.057803	54.547459	0.749067	5.462292	42.146754
7007	8027.150917	56.790733	1.071577	5.450125	42.166278
7009	8029.243562	55.708682	1.128077	5.456470	42.059069
7011	8031.336731	55.766506	1.052765	5.457127	42.239637
7013	8033.429697	54.670326	0.696381	5.459329	41.432590
7015	8035.522383	55.825050	1.047659	5.456943	41.656228
7017	8037.615017	54.490979	0.768205	5.462311	41.058388
7021	8041.801270	55.739157	1.111380	5.455600	41.677358
7023	8043.894681	56.616478	1.018139	5.449074	41.427647
7025	8045.987663	55.752654	1.091025	5.455588	41.867256
7027	8048.080535	56.936321	1.057702	5.449262	40.536506
7031	8052.267007	55.739550	1.112453	5.455068	41.817692
7033	8054.359732	54.771461	0.771580	5.460694	41.386612
7035	8056.452872	55.833447	1.059987	5.455251	42.067401
7037	8058.546435	55.755736	1.065597	5.455387	41.965932
7039	8060.639250	56.674806	1.060298	5.447841	42.776483
7041	8062.732362	55.743848	1.117668	5.454390	41.183087
7043	8064.825075	54.623582	0.777710	5.460053	41.891595
7045	8066.918119	55.827914	1.047365	5.454979	42.048161
7047	8069.010932	56.470523	1.060259	5.448365	42.128305
7049	8071.103758	55.745742	1.123573	5.453623	42.274155
7051	8073.196242	54.549720	0.764952	5.460030	41.587566
7053	8075.289977	56.912298	1.062595	5.447256	40.836725
7055	8077.382457	54.178059	0.873844	5.467820	39.952248
7057	8079.475621	57.165191	4.860236	5.432253	41.827896
7059	8081.568716	54.422009	0.875709	5.468572	41.552164
7061	8083.661465	56.920264	1.064478	5.447194	41.312949
7063	8085.755435	56.214653	1.166555	5.448133	42.914955
7065	8087.848621	55.703132	1.118300	5.452596	42.004290
7067	8089.942446	54.291073	0.716343	5.457582	41.360833
7069	8092.034242	56.854417	1.015811	5.447317	39.528082
7071	8094.127723	54.183007	0.887052	5.466813	42.937827
7073	8096.220521	55.782366	1.056606	5.452973	42.100147
7075	8098.312302	55.884816	1.049317	5.453238	42.577009
7077	8100.405295	55.816956	1.058554	5.452762	41.455080
7079	8102.497859	55.875683	1.026811	5.453663	41.596989
7081	8104.591911	55.796308	1.047775	5.453037	41.209103
7083	8106.684124	54.706137	0.745633	5.457259	40.509390
7085	8108.777167	54.620395	0.733567	5.457202	42.814258
7087	8110.870041	55.822005	1.038735	5.452255	41.912123
7089	8112.963103	56.562685	1.052364	5.446001	40.722994
7091	8115.056307	55.724891	1.127314	5.451520	41.395372
7093	8117.149273	56.907816	5.496722	5.429555	41.428610
7095	8119.241972	55.747812	1.118484	5.451393	40.874599
7097	8121.335179	55.835926	1.049046	5.451777	41.573875
7099	8123.428121	54.390778	0.742615	5.456457	41.606404
7101	8125.521417	54.513779	0.757629	5.456946	41.585628
7103	8127.615324	55.779104	1.062546	5.451156	41.953071
7105	8129.707479	55.860973	1.043660	5.451163	42.305367
7107	8131.800425	56.396908	3.431792	5.437104	41.406224
7109	8133.893692	55.709825	1.103211	5.450376	42.001280
7111	8135.985761	55.822172	1.028357	5.451128	41.597136
7113	8138.078788	55.897027	1.047319	5.450902	41.023469
7115	8140.172378	54.426207	0.748217	5.455095	40.936175
7117	8142.265058	56.577901	3.931293	5.434814	42.256404
7119	8144.357701	55.715731	1.117574	5.450743	41.599167
7121	8146.450567	55.793125	1.038609	5.450357	41.188080
7123	8148.544286	56.488255	1.067527	5.443525	40.299480
7125	8150.637893	55.681820	1.077097	5.449352	42.803994
7127	8152.727513	55.740538	1.088945	5.450115	43.300088
7129	8154.822302	54.655257	0.795058	5.457657	39.918472
7131	8156.914162	54.586414	0.755482	5.455737	41.457047
7133	8159.009120	54.474882	0.699035	5.450703	41.227365
7135	8161.101712	55.852925	1.053364	5.449680	42.351074
7137	8163.194898	56.790928	1.054066	5.442458	41.237173
7139	8165.288095	55.780699	1.081706	5.449177	41.143010
7141	8167.380500	55.845080	1.038864	5.449473	41.919691
7143	8169.474254	55.823964	1.042555	5.449425	39.104893
7145	8171.566601	54.716322	0.750090	5.453942	40.747841
7147	8173.659524	56.781347	1.049174	5.441833	41.242057
7149	8175.752486	54.611626	0.881577	5.464735	42.388783
7151	8177.845718	55.850581	1.053272	5.448827	41.362970
7153	8179.938357	55.833377	1.035784	5.448722	42.838838
7155	8182.031829	56.754241	1.043208	5.442089	41.714278
7157	8184.124166	55.756524	1.096474	5.447843	41.194691
7159	8186.217563	55.739462	1.067820	5.448691	41.157585
7161	8188.310155	56.910801	6.763137	5.417710	42.788715
7163	8190.403024	55.716794	1.103082	5.446956	41.503061
7165	8192.496718	55.837785	1.023224	5.447645	41.030899
7167	8194.588581	55.919082	1.022100	5.447694	42.206264
7169	8196.681234	55.689523	1.023522	5.447121	42.018101
7171	8198.775075	56.595940	4.954222	5.426123	41.579929
7173	8200.869336	55.683045	1.103178	5.446462	40.733233
